110000	110002	110000	110001
110001	110003	110001	110002
110002	110004	110002	110003
110003	110005	110003	110004
110004	110006	110004	110005
110005	110007	110005	110006
110006	110008	110006	110007
110007	110009	110007	110008
110008	110010	110008	110009
110009	110011	110009	110010
110010	110012	110010	110011
110011	110013	110011	110012
110012	110014	110012	110013
110013	110015	110013	110014
110014	110016	110014	110015
110015	110017	110015	110016
110016	110018	110016	110017
110017	110019	110017	110018
110018	110020	110018	110019
110019	110021	110019	110020
110020	110022	110020	110021
110021	110023	110021	110022
110022	110024	110022	110023
110023	110025	110023	110024
110024	110026	110024	110025
110025	110027	110025	110026
110026	110028	110026	110027
110027	110029	110027	110028
110028	110030	110028	110029
110029	110031	110029	110030
110030	110032	110030	110031
110031	110033	110031	110032
110032	110034	110032	110033
110033	110035	110033	110034
110034	110036	110034	110035
110035	110037	110035	110036
110036	110038	110036	110037
110037	110039	110037	110038
110038	110040	110038	110039
110039	110041	110039	110040
110040	110042	110040	110041
110041	110043	110041	110042
110042	110044	110042	110043
110043	110045	110043	110044
110044	110046	110044	110045
110045	110047	110045	110046
110046	110048	110046	110047
110047	110049	110047	110048
110048	110050	110048	110049
110049	110051	110049	110050
110050	110052	110050	110051
110051	110053	110051	110052
110052	110054	110052	110053
110053	110055	110053	110054
110054	110056	110054	110055
110055	110057	110055	110056
110056	110058	110056	110057
110057	110059	110057	110058
110058	110060	110058	110059
110059	110061	110059	110060
110060	110062	110060	110061
110061	110063	110061	110062
110062	110064	110062	110063
110063	110065	110063	110064
110064	110066	110064	110065
110065	110067	110065	110066
110066	110068	110066	110067
110067	110069	110067	110068
110068	110070	110068	110069
110069	110071	110069	110070
110070	110072	110070	110071
110071	110073	110071	110072
110072	110074	110072	110073
110073	110075	110073	110074
110074	110076	110074	110075
110075	110077	110075	110076
110076	110078	110076	110077
110077	110079	110077	110078
110078	110080	110078	110079
110079	110081	110079	110080
110080	110082	110080	110081
110081	110083	110081	110082
110082	110084	110082	110083
110083	110085	110083	110084
110084	110086	110084	110085
110085	110087	110085	110086
110086	110088	110086	110087
110087	110089	110087	110088
110088	110090	110088	110089
110089	110091	110089	110090
110090	110092	110090	110091
110091	110093	110091	110092
110092	110094	110092	110093
110093	110095	110093	110094
110094	110096	110094	110095
110095	110097	110095	110096
110096	110098	110096	110097
110097	110099	110097	110098
110098	110100	110098	110099
110099	110101	110099	110100
110100	110102	110100	110101
110101	110103	110101	110102
110102	110104	110102	110103
110103	110105	110103	110104
110104	110106	110104	110105
110105	110107	110105	110106
110106	110108	110106	110107
110107	110109	110107	110108
110108	110110	110108	110109
110109	110111	110109	110110
110110	110112	110110	110111
110111	110113	110111	110112
110112	110114	110112	110113
110113	110115	110113	110114
110114	110116	110114	110115
110115	110117	110115	110116
110116	110118	110116	110117
110117	110119	110117	110118
110118	110120	110118	110119
110119	110121	110119	110120
110120	110122	110120	110121
110121	110123	110121	110122
110122	110124	110122	110123
110123	110125	110123	110124
110124	110126	110124	110125
110125	110127	110125	110126
110126	110128	110126	110127
110127	110129	110127	110128
110128	110130	110128	110129
110129	110131	110129	110130
110130	110132	110130	110131
110131	110133	110131	110132
110132	110134	110132	110133
110133	110135	110133	110134
110134	110136	110134	110135
110135	110137	110135	110136
110136	110138	110136	110137
110137	110139	110137	110138
110138	110140	110138	110139
110139	110141	110139	110140
110140	110142	110140	110141
110141	110143	110141	110142
110142	110144	110142	110143
110143	110145	110143	110144
110144	110146	110144	110145
110145	110147	110145	110146
110146	110148	110146	110147
110147	110149	110147	110148
110148	110150	110148	110149
110149	110151	110149	110150
110150	110152	110150	110151
110151	110153	110151	110152
110152	110154	110152	110153
110153	110155	110153	110154
110154	110156	110154	110155
110155	110157	110155	110156
110156	110158	110156	110157
110157	110159	110157	110158
110158	110160	110158	110159
110159	110161	110159	110160
110160	110162	110160	110161
110161	110163	110161	110162
110162	110164	110162	110163
110163	110165	110163	110164
110164	110166	110164	110165
110165	110167	110165	110166
110166	110168	110166	110167
110167	110169	110167	110168
110168	110170	110168	110169
110169	110171	110169	110170
110170	110172	110170	110171
110171	110173	110171	110172
110172	110174	110172	110173
110173	110175	110173	110174
110174	110176	110174	110175
110175	110177	110175	110176
110176	110178	110176	110177
110177	110179	110177	110178
110178	110180	110178	110179
110179	110181	110179	110180
110180	110182	110180	110181
110181	110183	110181	110182
110182	110184	110182	110183
110183	110185	110183	110184
110184	110186	110184	110185
110185	110187	110185	110186
110186	110188	110186	110187
110187	110189	110187	110188
110188	110190	110188	110189
110189	110191	110189	110190
110190	110192	110190	110191
110191	110193	110191	110192
110192	110194	110192	110193
110193	110195	110193	110194
110194	110196	110194	110195
110195	110197	110195	110196
110196	110198	110196	110197
110197	110199	110197	110198
110198	110200	110198	110199
110199	110201	110199	110200
110200	110202	110200	110201
110201	110203	110201	110202
110202	110204	110202	110203
110203	110205	110203	110204
110204	110206	110204	110205
110205	110207	110205	110206
110206	110208	110206	110207
110207	110209	110207	110208
110208	110210	110208	110209
110209	110211	110209	110210
110210	110212	110210	110211
110211	110213	110211	110212
110212	110214	110212	110213
110213	110215	110213	110214
110214	110216	110214	110215
110215	110217	110215	110216
110216	110218	110216	110217
110217	110219	110217	110218
110218	110220	110218	110219
110219	110221	110219	110220
110220	110222	110220	110221
110221	110223	110221	110222
110222	110224	110222	110223
110223	110225	110223	110224
110224	110226	110224	110225
110225	110227	110225	110226
110226	110228	110226	110227
110227	110229	110227	110228
110228	110230	110228	110229
110229	110231	110229	110230
110230	110232	110230	110231
110231	110233	110231	110232
110232	110234	110232	110233
110233	110235	110233	110234
110234	110236	110234	110235
110235	110237	110235	110236
110236	110238	110236	110237
110237	110239	110237	110238
110238	110240	110238	110239
110239	110241	110239	110240
110240	110242	110240	110241
110241	110243	110241	110242
110242	110244	110242	110243
110243	110245	110243	110244
110244	110246	110244	110245
110245	110247	110245	110246
110246	110248	110246	110247
110247	110249	110247	110248
110248	110250	110248	110249
110249	110251	110249	110250
110250	110252	110250	110251
110251	110253	110251	110252
110252	110254	110252	110253
110253	110255	110253	110254
110254	110256	110254	110255
110255	110257	110255	110256
110256	110258	110256	110257
110257	110259	110257	110258
110258	110260	110258	110259
110259	110261	110259	110260
110260	110262	110260	110261
110261	110263	110261	110262
110262	110264	110262	110263
110263	110265	110263	110264
110264	110266	110264	110265
110265	110267	110265	110266
110266	110268	110266	110267
110267	110269	110267	110268
110268	110270	110268	110269
110269	110271	110269	110270
110270	110272	110270	110271
110271	110273	110271	110272
110272	110274	110272	110273
110273	110275	110273	110274
110274	110276	110274	110275
110275	110277	110275	110276
110276	110278	110276	110277
110277	110279	110277	110278
110278	110280	110278	110279
110279	110281	110279	110280
110280	110282	110280	110281
110281	110283	110281	110282
110282	110284	110282	110283
110283	110285	110283	110284
110284	110286	110284	110285
110285	110287	110285	110286
110286	110288	110286	110287
110287	110289	110287	110288
110288	110290	110288	110289
110289	110291	110289	110290
110290	110292	110290	110291
110291	110293	110291	110292
110292	110294	110292	110293
110293	110295	110293	110294
110294	110296	110294	110295
110295	110297	110295	110296
110296	110298	110296	110297
110297	110299	110297	110298
110298	110300	110298	110299
110299	110301	110299	110300
110300	110302	110300	110301
110301	110303	110301	110302
110302	110304	110302	110303
110303	110305	110303	110304
110304	110306	110304	110305
110305	110307	110305	110306
110306	110308	110306	110307
110307	110309	110307	110308
110308	110310	110308	110309
110309	110311	110309	110310
110310	110312	110310	110311
110311	110313	110311	110312
110312	110314	110312	110313
110313	110315	110313	110314
110314	110316	110314	110315
110315	110317	110315	110316
110316	110318	110316	110317
110317	110319	110317	110318
110318	110320	110318	110319
110319	110321	110319	110320
110320	110322	110320	110321
110321	110323	110321	110322
110322	110324	110322	110323
110323	110325	110323	110324
110324	110326	110324	110325
110325	110327	110325	110326
110326	110328	110326	110327
110327	110329	110327	110328
110328	110330	110328	110329
110329	110331	110329	110330
110330	110332	110330	110331
110331	110333	110331	110332
110332	110334	110332	110333
110333	110335	110333	110334
110334	110336	110334	110335
110335	110337	110335	110336
110336	110338	110336	110337
110337	110339	110337	110338
110338	110340	110338	110339
110339	110341	110339	110340
110340	110342	110340	110341
110341	110343	110341	110342
110342	110344	110342	110343
110343	110345	110343	110344
110344	110346	110344	110345
110345	110347	110345	110346
110346	110348	110346	110347
110347	110349	110347	110348
110348	110350	110348	110349
110349	110351	110349	110350
110350	110352	110350	110351
110351	110353	110351	110352
110352	110354	110352	110353
110353	110355	110353	110354
110354	110356	110354	110355
110355	110357	110355	110356
110356	110358	110356	110357
110357	110359	110357	110358
110358	110360	110358	110359
110359	110361	110359	110360
110360	110362	110360	110361
110361	110363	110361	110362
110362	110364	110362	110363
110363	110365	110363	110364
110364	110366	110364	110365
110365	110367	110365	110366
110366	110368	110366	110367
110367	110369	110367	110368
110368	110370	110368	110369
110369	110371	110369	110370
110370	110372	110370	110371
110371	110373	110371	110372
110372	110374	110372	110373
110373	110375	110373	110374
110374	110376	110374	110375
110375	110377	110375	110376
110376	110378	110376	110377
110377	110379	110377	110378
110378	110380	110378	110379
110379	110381	110379	110380
110380	110382	110380	110381
110381	110383	110381	110382
110382	110384	110382	110383
110383	110385	110383	110384
110384	110386	110384	110385
110385	110387	110385	110386
110386	110388	110386	110387
110387	110389	110387	110388
110388	110390	110388	110389
110389	110391	110389	110390
110390	110392	110390	110391
110391	110393	110391	110392
110392	110394	110392	110393
110393	110395	110393	110394
110394	110396	110394	110395
110395	110397	110395	110396
110396	110398	110396	110397
110397	110399	110397	110398
110398	110400	110398	110399
110399	110401	110399	110400
110400	110402	110400	110401
110401	110403	110401	110402
110402	110404	110402	110403
110403	110405	110403	110404
110404	110406	110404	110405
110405	110407	110405	110406
110406	110408	110406	110407
110407	110409	110407	110408
110408	110410	110408	110409
110409	110411	110409	110410
110410	110412	110410	110411
110411	110413	110411	110412
110412	110414	110412	110413
110413	110415	110413	110414
110414	110416	110414	110415
110415	110417	110415	110416
110416	110418	110416	110417
110417	110419	110417	110418
110418	110420	110418	110419
110419	110421	110419	110420
110420	110422	110420	110421
110421	110423	110421	110422
110422	110424	110422	110423
110423	110425	110423	110424
110424	110426	110424	110425
110425	110427	110425	110426
110426	110428	110426	110427
110427	110429	110427	110428
110428	110430	110428	110429
110429	110431	110429	110430
110430	110432	110430	110431
110431	110433	110431	110432
110432	110434	110432	110433
110433	110435	110433	110434
110434	110436	110434	110435
110435	110437	110435	110436
110436	110438	110436	110437
110437	110439	110437	110438
110438	110440	110438	110439
110439	110441	110439	110440
110440	110442	110440	110441
110441	110443	110441	110442
110442	110444	110442	110443
110443	110445	110443	110444
110444	110446	110444	110445
110445	110447	110445	110446
110446	110448	110446	110447
110447	110449	110447	110448
110448	110450	110448	110449
110449	110451	110449	110450
110450	110452	110450	110451
110451	110453	110451	110452
110452	110454	110452	110453
110453	110455	110453	110454
110454	110456	110454	110455
110455	110457	110455	110456
110456	110458	110456	110457
110457	110459	110457	110458
110458	110460	110458	110459
110459	110461	110459	110460
110460	110462	110460	110461
110461	110463	110461	110462
110462	110464	110462	110463
110463	110465	110463	110464
110464	110466	110464	110465
110465	110467	110465	110466
110466	110468	110466	110467
110467	110469	110467	110468
110468	110470	110468	110469
110469	110471	110469	110470
110470	110472	110470	110471
110471	110473	110471	110472
110472	110474	110472	110473
110473	110475	110473	110474
110474	110476	110474	110475
110475	110477	110475	110476
110476	110478	110476	110477
110477	110479	110477	110478
110478	110480	110478	110479
110479	110481	110479	110480
110480	110482	110480	110481
110481	110483	110481	110482
110482	110484	110482	110483
110483	110485	110483	110484
110484	110486	110484	110485
110485	110487	110485	110486
110486	110488	110486	110487
110487	110489	110487	110488
110488	110490	110488	110489
110489	110491	110489	110490
110490	110492	110490	110491
110491	110493	110491	110492
110492	110494	110492	110493
110493	110495	110493	110494
110494	110496	110494	110495
110495	110497	110495	110496
110496	110498	110496	110497
110497	110499	110497	110498
110498	110500	110498	110499
110499	110501	110499	110500
110500	110502	110500	110501
110501	110503	110501	110502
110502	110504	110502	110503
110503	110505	110503	110504
110504	110506	110504	110505
110505	110507	110505	110506
110506	110508	110506	110507
110507	110509	110507	110508
110508	110510	110508	110509
110509	110511	110509	110510
110510	110512	110510	110511
110511	110513	110511	110512
110512	110514	110512	110513
110513	110515	110513	110514
110514	110516	110514	110515
110515	110517	110515	110516
110516	110518	110516	110517
110517	110519	110517	110518
110518	110520	110518	110519
110519	110521	110519	110520
110520	110522	110520	110521
110521	110523	110521	110522
110522	110524	110522	110523
110523	110525	110523	110524
110524	110526	110524	110525
110525	110527	110525	110526
110526	110528	110526	110527
110527	110529	110527	110528
110528	110530	110528	110529
110529	110531	110529	110530
110530	110532	110530	110531
110531	110533	110531	110532
110532	110534	110532	110533
110533	110535	110533	110534
110534	110536	110534	110535
110535	110537	110535	110536
110536	110538	110536	110537
110537	110539	110537	110538
110538	110540	110538	110539
110539	110541	110539	110540
110540	110542	110540	110541
110541	110543	110541	110542
110542	110544	110542	110543
110543	110545	110543	110544
110544	110546	110544	110545
110545	110547	110545	110546
110546	110548	110546	110547
110547	110549	110547	110548
110548	110550	110548	110549
110549	110551	110549	110550
110550	110552	110550	110551
110551	110553	110551	110552
110552	110554	110552	110553
110553	110555	110553	110554
110554	110556	110554	110555
110555	110557	110555	110556
110556	110558	110556	110557
110557	110559	110557	110558
110558	110560	110558	110559
110559	110561	110559	110560
110560	110562	110560	110561
110561	110563	110561	110562
110562	110564	110562	110563
110563	110565	110563	110564
110564	110566	110564	110565
110565	110567	110565	110566
110566	110568	110566	110567
110567	110569	110567	110568
110568	110570	110568	110569
110569	110571	110569	110570
110570	110572	110570	110571
110571	110573	110571	110572
110572	110574	110572	110573
110573	110575	110573	110574
110574	110576	110574	110575
110575	110577	110575	110576
110576	110578	110576	110577
110577	110579	110577	110578
110578	110580	110578	110579
110579	110581	110579	110580
110580	110582	110580	110581
110581	110583	110581	110582
110582	110584	110582	110583
110583	110585	110583	110584
110584	110586	110584	110585
110585	110587	110585	110586
110586	110588	110586	110587
110587	110589	110587	110588
110588	110590	110588	110589
110589	110591	110589	110590
110590	110592	110590	110591
110591	110593	110591	110592
110592	110594	110592	110593
110593	110595	110593	110594
110594	110596	110594	110595
110595	110597	110595	110596
110596	110598	110596	110597
110597	110599	110597	110598
110598	110600	110598	110599
110599	110601	110599	110600
110600	110602	110600	110601
110601	110603	110601	110602
110602	110604	110602	110603
110603	110605	110603	110604
110604	110606	110604	110605
110605	110607	110605	110606
110606	110608	110606	110607
110607	110609	110607	110608
110608	110610	110608	110609
110609	110611	110609	110610
110610	110612	110610	110611
110611	110613	110611	110612
110612	110614	110612	110613
110613	110615	110613	110614
110614	110616	110614	110615
110615	110617	110615	110616
110616	110618	110616	110617
110617	110619	110617	110618
110618	110620	110618	110619
110619	110621	110619	110620
110620	110622	110620	110621
110621	110623	110621	110622
110622	110624	110622	110623
110623	110625	110623	110624
110624	110626	110624	110625
110625	110627	110625	110626
110626	110628	110626	110627
110627	110629	110627	110628
110628	110630	110628	110629
110629	110631	110629	110630
110630	110632	110630	110631
110631	110633	110631	110632
110632	110634	110632	110633
110633	110635	110633	110634
110634	110636	110634	110635
110635	110637	110635	110636
110636	110638	110636	110637
110637	110639	110637	110638
110638	110640	110638	110639
110639	110641	110639	110640
110640	110642	110640	110641
110641	110643	110641	110642
110642	110644	110642	110643
110643	110645	110643	110644
110644	110646	110644	110645
110645	110647	110645	110646
110646	110648	110646	110647
110647	110649	110647	110648
110648	110650	110648	110649
110649	110651	110649	110650
110650	110652	110650	110651
110651	110653	110651	110652
110652	110654	110652	110653
110653	110655	110653	110654
110654	110656	110654	110655
110655	110657	110655	110656
110656	110658	110656	110657
110657	110659	110657	110658
110658	110660	110658	110659
110659	110661	110659	110660
110660	110662	110660	110661
110661	110663	110661	110662
110662	110664	110662	110663
110663	110665	110663	110664
110664	110666	110664	110665
110665	110667	110665	110666
110666	110668	110666	110667
110667	110669	110667	110668
110668	110670	110668	110669
110669	110671	110669	110670
110670	110672	110670	110671
110671	110673	110671	110672
110672	110674	110672	110673
110673	110675	110673	110674
110674	110676	110674	110675
110675	110677	110675	110676
110676	110678	110676	110677
110677	110679	110677	110678
110678	110680	110678	110679
110679	110681	110679	110680
110680	110682	110680	110681
110681	110683	110681	110682
110682	110684	110682	110683
110683	110685	110683	110684
110684	110686	110684	110685
110685	110687	110685	110686
110686	110688	110686	110687
110687	110689	110687	110688
110688	110690	110688	110689
110689	110691	110689	110690
110690	110692	110690	110691
110691	110693	110691	110692
110692	110694	110692	110693
110693	110695	110693	110694
110694	110696	110694	110695
110695	110697	110695	110696
110696	110698	110696	110697
110697	110699	110697	110698
110698	110700	110698	110699
110699	110701	110699	110700
110700	110702	110700	110701
110701	110703	110701	110702
110702	110704	110702	110703
110703	110705	110703	110704
110704	110706	110704	110705
110705	110707	110705	110706
110706	110708	110706	110707
110707	110709	110707	110708
110708	110710	110708	110709
110709	110711	110709	110710
110710	110712	110710	110711
110711	110713	110711	110712
110712	110714	110712	110713
110713	110715	110713	110714
110714	110716	110714	110715
110715	110717	110715	110716
110716	110718	110716	110717
110717	110719	110717	110718
110718	110720	110718	110719
110719	110721	110719	110720
110720	110722	110720	110721
110721	110723	110721	110722
110722	110724	110722	110723
110723	110725	110723	110724
110724	110726	110724	110725
110725	110727	110725	110726
110726	110728	110726	110727
110727	110729	110727	110728
110728	110730	110728	110729
110729	110731	110729	110730
110730	110732	110730	110731
110731	110733	110731	110732
110732	110734	110732	110733
110733	110735	110733	110734
110734	110736	110734	110735
110735	110737	110735	110736
110736	110738	110736	110737
110737	110739	110737	110738
110738	110740	110738	110739
110739	110741	110739	110740
110740	110742	110740	110741
110741	110743	110741	110742
110742	110744	110742	110743
110743	110745	110743	110744
110744	110746	110744	110745
110745	110747	110745	110746
110746	110748	110746	110747
110747	110749	110747	110748
110748	110750	110748	110749
110749	110751	110749	110750
110750	110752	110750	110751
110751	110753	110751	110752
110752	110754	110752	110753
110753	110755	110753	110754
110754	110756	110754	110755
110755	110757	110755	110756
110756	110758	110756	110757
110757	110759	110757	110758
110758	110760	110758	110759
110759	110761	110759	110760
110760	110762	110760	110761
110761	110763	110761	110762
110762	110764	110762	110763
110763	110765	110763	110764
110764	110766	110764	110765
110765	110767	110765	110766
110766	110768	110766	110767
110767	110769	110767	110768
110768	110770	110768	110769
110769	110771	110769	110770
110770	110772	110770	110771
110771	110773	110771	110772
110772	110774	110772	110773
110773	110775	110773	110774
110774	110776	110774	110775
110775	110777	110775	110776
110776	110778	110776	110777
110777	110779	110777	110778
110778	110780	110778	110779
110779	110781	110779	110780
110780	110782	110780	110781
110781	110783	110781	110782
110782	110784	110782	110783
110783	110785	110783	110784
110784	110786	110784	110785
110785	110787	110785	110786
110786	110788	110786	110787
110787	110789	110787	110788
110788	110790	110788	110789
110789	110791	110789	110790
110790	110792	110790	110791
110791	110793	110791	110792
110792	110794	110792	110793
110793	110795	110793	110794
110794	110796	110794	110795
110795	110797	110795	110796
110796	110798	110796	110797
110797	110799	110797	110798
110798	110800	110798	110799
110799	110801	110799	110800
110800	110802	110800	110801
110801	110803	110801	110802
110802	110804	110802	110803
110803	110805	110803	110804
110804	110806	110804	110805
110805	110807	110805	110806
110806	110808	110806	110807
110807	110809	110807	110808
110808	110810	110808	110809
110809	110811	110809	110810
110810	110812	110810	110811
110811	110813	110811	110812
110812	110814	110812	110813
110813	110815	110813	110814
110814	110816	110814	110815
110815	110817	110815	110816
110816	110818	110816	110817
110817	110819	110817	110818
110818	110820	110818	110819
110819	110821	110819	110820
110820	110822	110820	110821
110821	110823	110821	110822
110822	110824	110822	110823
110823	110825	110823	110824
110824	110826	110824	110825
110825	110827	110825	110826
110826	110828	110826	110827
110827	110829	110827	110828
110828	110830	110828	110829
110829	110831	110829	110830
110830	110832	110830	110831
110831	110833	110831	110832
110832	110834	110832	110833
110833	110835	110833	110834
110834	110836	110834	110835
110835	110837	110835	110836
110836	110838	110836	110837
110837	110839	110837	110838
110838	110840	110838	110839
110839	110841	110839	110840
110840	110842	110840	110841
110841	110843	110841	110842
110842	110844	110842	110843
110843	110845	110843	110844
110844	110846	110844	110845
110845	110847	110845	110846
110846	110848	110846	110847
110847	110849	110847	110848
110848	110850	110848	110849
110849	110851	110849	110850
110850	110852	110850	110851
110851	110853	110851	110852
110852	110854	110852	110853
110853	110855	110853	110854
110854	110856	110854	110855
110855	110857	110855	110856
110856	110858	110856	110857
110857	110859	110857	110858
110858	110860	110858	110859
110859	110861	110859	110860
110860	110862	110860	110861
110861	110863	110861	110862
110862	110864	110862	110863
110863	110865	110863	110864
110864	110866	110864	110865
110865	110867	110865	110866
110866	110868	110866	110867
110867	110869	110867	110868
110868	110870	110868	110869
110869	110871	110869	110870
110870	110872	110870	110871
110871	110873	110871	110872
110872	110874	110872	110873
110873	110875	110873	110874
110874	110876	110874	110875
110875	110877	110875	110876
110876	110878	110876	110877
110877	110879	110877	110878
110878	110880	110878	110879
110879	110881	110879	110880
110880	110882	110880	110881
110881	110883	110881	110882
110882	110884	110882	110883
110883	110885	110883	110884
110884	110886	110884	110885
110885	110887	110885	110886
110886	110888	110886	110887
110887	110889	110887	110888
110888	110890	110888	110889
110889	110891	110889	110890
110890	110892	110890	110891
110891	110893	110891	110892
110892	110894	110892	110893
110893	110895	110893	110894
110894	110896	110894	110895
110895	110897	110895	110896
110896	110898	110896	110897
110897	110899	110897	110898
110898	110900	110898	110899
110899	110901	110899	110900
110900	110902	110900	110901
110901	110903	110901	110902
110902	110904	110902	110903
110903	110905	110903	110904
110904	110906	110904	110905
110905	110907	110905	110906
110906	110908	110906	110907
110907	110909	110907	110908
110908	110910	110908	110909
110909	110911	110909	110910
110910	110912	110910	110911
110911	110913	110911	110912
110912	110914	110912	110913
110913	110915	110913	110914
110914	110916	110914	110915
110915	110917	110915	110916
110916	110918	110916	110917
110917	110919	110917	110918
110918	110920	110918	110919
110919	110921	110919	110920
110920	110922	110920	110921
110921	110923	110921	110922
110922	110924	110922	110923
110923	110925	110923	110924
110924	110926	110924	110925
110925	110927	110925	110926
110926	110928	110926	110927
110927	110929	110927	110928
110928	110930	110928	110929
110929	110931	110929	110930
110930	110932	110930	110931
110931	110933	110931	110932
110932	110934	110932	110933
110933	110935	110933	110934
110934	110936	110934	110935
110935	110937	110935	110936
110936	110938	110936	110937
110937	110939	110937	110938
110938	110940	110938	110939
110939	110941	110939	110940
110940	110942	110940	110941
110941	110943	110941	110942
110942	110944	110942	110943
110943	110945	110943	110944
110944	110946	110944	110945
110945	110947	110945	110946
110946	110948	110946	110947
110947	110949	110947	110948
110948	110950	110948	110949
110949	110951	110949	110950
110950	110952	110950	110951
110951	110953	110951	110952
110952	110954	110952	110953
110953	110955	110953	110954
110954	110956	110954	110955
110955	110957	110955	110956
110956	110958	110956	110957
110957	110959	110957	110958
110958	110960	110958	110959
110959	110961	110959	110960
110960	110962	110960	110961
110961	110963	110961	110962
110962	110964	110962	110963
110963	110965	110963	110964
110964	110966	110964	110965
110965	110967	110965	110966
110966	110968	110966	110967
110967	110969	110967	110968
110968	110970	110968	110969
110969	110971	110969	110970
110970	110972	110970	110971
110971	110973	110971	110972
110972	110974	110972	110973
110973	110975	110973	110974
110974	110976	110974	110975
110975	110977	110975	110976
110976	110978	110976	110977
110977	110979	110977	110978
110978	110980	110978	110979
110979	110981	110979	110980
110980	110982	110980	110981
110981	110983	110981	110982
110982	110984	110982	110983
110983	110985	110983	110984
110984	110986	110984	110985
110985	110987	110985	110986
110986	110988	110986	110987
110987	110989	110987	110988
110988	110990	110988	110989
110989	110991	110989	110990
110990	110992	110990	110991
110991	110993	110991	110992
110992	110994	110992	110993
110993	110995	110993	110994
110994	110996	110994	110995
110995	110997	110995	110996
110996	110998	110996	110997
110997	110999	110997	110998
110998	111000	110998	110999
110999	111001	110999	111000
111000	111002	111000	111001
111001	111003	111001	111002
111002	111004	111002	111003
111003	111005	111003	111004
111004	111006	111004	111005
111005	111007	111005	111006
111006	111008	111006	111007
111007	111009	111007	111008
111008	111010	111008	111009
111009	111011	111009	111010
111010	111012	111010	111011
111011	111013	111011	111012
111012	111014	111012	111013
111013	111015	111013	111014
111014	111016	111014	111015
111015	111017	111015	111016
111016	111018	111016	111017
111017	111019	111017	111018
111018	111020	111018	111019
111019	111021	111019	111020
111020	111022	111020	111021
111021	111023	111021	111022
111022	111024	111022	111023
111023	111025	111023	111024
111024	111026	111024	111025
111025	111027	111025	111026
111026	111028	111026	111027
111027	111029	111027	111028
111028	111030	111028	111029
111029	111031	111029	111030
111030	111032	111030	111031
111031	111033	111031	111032
111032	111034	111032	111033
111033	111035	111033	111034
111034	111036	111034	111035
111035	111037	111035	111036
111036	111038	111036	111037
111037	111039	111037	111038
111038	111040	111038	111039
111039	111041	111039	111040
111040	111042	111040	111041
111041	111043	111041	111042
111042	111044	111042	111043
111043	111045	111043	111044
111044	111046	111044	111045
111045	111047	111045	111046
111046	111048	111046	111047
111047	111049	111047	111048
111048	111050	111048	111049
111049	111051	111049	111050
111050	111052	111050	111051
111051	111053	111051	111052
111052	111054	111052	111053
111053	111055	111053	111054
111054	111056	111054	111055
111055	111057	111055	111056
111056	111058	111056	111057
111057	111059	111057	111058
111058	111060	111058	111059
111059	111061	111059	111060
111060	111062	111060	111061
111061	111063	111061	111062
111062	111064	111062	111063
111063	111065	111063	111064
111064	111066	111064	111065
111065	111067	111065	111066
111066	111068	111066	111067
111067	111069	111067	111068
111068	111070	111068	111069
111069	111071	111069	111070
111070	111072	111070	111071
111071	111073	111071	111072
111072	111074	111072	111073
111073	111075	111073	111074
111074	111076	111074	111075
111075	111077	111075	111076
111076	111078	111076	111077
111077	111079	111077	111078
111078	111080	111078	111079
111079	111081	111079	111080
111080	111082	111080	111081
111081	111083	111081	111082
111082	111084	111082	111083
111083	111085	111083	111084
111084	111086	111084	111085
111085	111087	111085	111086
111086	111088	111086	111087
111087	111089	111087	111088
111088	111090	111088	111089
111089	111091	111089	111090
111090	111092	111090	111091
111091	111093	111091	111092
111092	111094	111092	111093
111093	111095	111093	111094
111094	111096	111094	111095
111095	111097	111095	111096
111096	111098	111096	111097
111097	111099	111097	111098
111098	111100	111098	111099
111099	111101	111099	111100
111100	111102	111100	111101
111101	111103	111101	111102
111102	111104	111102	111103
111103	111105	111103	111104
111104	111106	111104	111105
111105	111107	111105	111106
111106	111108	111106	111107
111107	111109	111107	111108
111108	111110	111108	111109
111109	111111	111109	111110
111110	111112	111110	111111
111111	111113	111111	111112
111112	111114	111112	111113
111113	111115	111113	111114
111114	111116	111114	111115
111115	111117	111115	111116
111116	111118	111116	111117
111117	111119	111117	111118
111118	111120	111118	111119
111119	111121	111119	111120
111120	111122	111120	111121
111121	111123	111121	111122
111122	111124	111122	111123
111123	111125	111123	111124
111124	111126	111124	111125
111125	111127	111125	111126
111126	111128	111126	111127
111127	111129	111127	111128
111128	111130	111128	111129
111129	111131	111129	111130
111130	111132	111130	111131
111131	111133	111131	111132
111132	111134	111132	111133
111133	111135	111133	111134
111134	111136	111134	111135
111135	111137	111135	111136
111136	111138	111136	111137
111137	111139	111137	111138
111138	111140	111138	111139
111139	111141	111139	111140
111140	111142	111140	111141
111141	111143	111141	111142
111142	111144	111142	111143
111143	111145	111143	111144
111144	111146	111144	111145
111145	111147	111145	111146
111146	111148	111146	111147
111147	111149	111147	111148
111148	111150	111148	111149
111149	111151	111149	111150
111150	111152	111150	111151
111151	111153	111151	111152
111152	111154	111152	111153
111153	111155	111153	111154
111154	111156	111154	111155
111155	111157	111155	111156
111156	111158	111156	111157
111157	111159	111157	111158
111158	111160	111158	111159
111159	111161	111159	111160
111160	111162	111160	111161
111161	111163	111161	111162
111162	111164	111162	111163
111163	111165	111163	111164
111164	111166	111164	111165
111165	111167	111165	111166
111166	111168	111166	111167
111167	111169	111167	111168
111168	111170	111168	111169
111169	111171	111169	111170
111170	111172	111170	111171
111171	111173	111171	111172
111172	111174	111172	111173
111173	111175	111173	111174
111174	111176	111174	111175
111175	111177	111175	111176
111176	111178	111176	111177
111177	111179	111177	111178
111178	111180	111178	111179
111179	111181	111179	111180
111180	111182	111180	111181
111181	111183	111181	111182
111182	111184	111182	111183
111183	111185	111183	111184
111184	111186	111184	111185
111185	111187	111185	111186
111186	111188	111186	111187
111187	111189	111187	111188
111188	111190	111188	111189
111189	111191	111189	111190
111190	111192	111190	111191
111191	111193	111191	111192
111192	111194	111192	111193
111193	111195	111193	111194
111194	111196	111194	111195
111195	111197	111195	111196
111196	111198	111196	111197
111197	111199	111197	111198
111198	111200	111198	111199
111199	111201	111199	111200
111200	111202	111200	111201
111201	111203	111201	111202
111202	111204	111202	111203
111203	111205	111203	111204
111204	111206	111204	111205
111205	111207	111205	111206
111206	111208	111206	111207
111207	111209	111207	111208
111208	111210	111208	111209
111209	111211	111209	111210
111210	111212	111210	111211
111211	111213	111211	111212
111212	111214	111212	111213
111213	111215	111213	111214
111214	111216	111214	111215
111215	111217	111215	111216
111216	111218	111216	111217
111217	111219	111217	111218
111218	111220	111218	111219
111219	111221	111219	111220
111220	111222	111220	111221
111221	111223	111221	111222
111222	111224	111222	111223
111223	111225	111223	111224
111224	111226	111224	111225
111225	111227	111225	111226
111226	111228	111226	111227
111227	111229	111227	111228
111228	111230	111228	111229
111229	111231	111229	111230
111230	111232	111230	111231
111231	111233	111231	111232
111232	111234	111232	111233
111233	111235	111233	111234
111234	111236	111234	111235
111235	111237	111235	111236
111236	111238	111236	111237
111237	111239	111237	111238
111238	111240	111238	111239
111239	111241	111239	111240
111240	111242	111240	111241
111241	111243	111241	111242
111242	111244	111242	111243
111243	111245	111243	111244
111244	111246	111244	111245
111245	111247	111245	111246
111246	111248	111246	111247
111247	111249	111247	111248
111248	111250	111248	111249
111249	111251	111249	111250
111250	111252	111250	111251
111251	111253	111251	111252
111252	111254	111252	111253
111253	111255	111253	111254
111254	111256	111254	111255
111255	111257	111255	111256
111256	111258	111256	111257
111257	111259	111257	111258
111258	111260	111258	111259
111259	111261	111259	111260
111260	111262	111260	111261
111261	111263	111261	111262
111262	111264	111262	111263
111263	111265	111263	111264
111264	111266	111264	111265
111265	111267	111265	111266
111266	111268	111266	111267
111267	111269	111267	111268
111268	111270	111268	111269
111269	111271	111269	111270
111270	111272	111270	111271
111271	111273	111271	111272
111272	111274	111272	111273
111273	111275	111273	111274
111274	111276	111274	111275
111275	111277	111275	111276
111276	111278	111276	111277
111277	111279	111277	111278
111278	111280	111278	111279
111279	111281	111279	111280
111280	111282	111280	111281
111281	111283	111281	111282
111282	111284	111282	111283
111283	111285	111283	111284
111284	111286	111284	111285
111285	111287	111285	111286
111286	111288	111286	111287
111287	111289	111287	111288
111288	111290	111288	111289
111289	111291	111289	111290
111290	111292	111290	111291
111291	111293	111291	111292
111292	111294	111292	111293
111293	111295	111293	111294
111294	111296	111294	111295
111295	111297	111295	111296
111296	111298	111296	111297
111297	111299	111297	111298
111298	111300	111298	111299
111299	111301	111299	111300
111300	111302	111300	111301
111301	111303	111301	111302
111302	111304	111302	111303
111303	111305	111303	111304
111304	111306	111304	111305
111305	111307	111305	111306
111306	111308	111306	111307
111307	111309	111307	111308
111308	111310	111308	111309
111309	111311	111309	111310
111310	111312	111310	111311
111311	111313	111311	111312
111312	111314	111312	111313
111313	111315	111313	111314
111314	111316	111314	111315
111315	111317	111315	111316
111316	111318	111316	111317
111317	111319	111317	111318
111318	111320	111318	111319
111319	111321	111319	111320
111320	111322	111320	111321
111321	111323	111321	111322
111322	111324	111322	111323
111323	111325	111323	111324
111324	111326	111324	111325
111325	111327	111325	111326
111326	111328	111326	111327
111327	111329	111327	111328
111328	111330	111328	111329
111329	111331	111329	111330
111330	111332	111330	111331
111331	111333	111331	111332
111332	111334	111332	111333
111333	111335	111333	111334
111334	111336	111334	111335
111335	111337	111335	111336
111336	111338	111336	111337
111337	111339	111337	111338
111338	111340	111338	111339
111339	111341	111339	111340
111340	111342	111340	111341
111341	111343	111341	111342
111342	111344	111342	111343
111343	111345	111343	111344
111344	111346	111344	111345
111345	111347	111345	111346
111346	111348	111346	111347
111347	111349	111347	111348
111348	111350	111348	111349
111349	111351	111349	111350
111350	111352	111350	111351
111351	111353	111351	111352
111352	111354	111352	111353
111353	111355	111353	111354
111354	111356	111354	111355
111355	111357	111355	111356
111356	111358	111356	111357
111357	111359	111357	111358
111358	111360	111358	111359
111359	111361	111359	111360
111360	111362	111360	111361
111361	111363	111361	111362
111362	111364	111362	111363
111363	111365	111363	111364
111364	111366	111364	111365
111365	111367	111365	111366
111366	111368	111366	111367
111367	111369	111367	111368
111368	111370	111368	111369
111369	111371	111369	111370
111370	111372	111370	111371
111371	111373	111371	111372
111372	111374	111372	111373
111373	111375	111373	111374
111374	111376	111374	111375
111375	111377	111375	111376
111376	111378	111376	111377
111377	111379	111377	111378
111378	111380	111378	111379
111379	111381	111379	111380
111380	111382	111380	111381
111381	111383	111381	111382
111382	111384	111382	111383
111383	111385	111383	111384
111384	111386	111384	111385
111385	111387	111385	111386
111386	111388	111386	111387
111387	111389	111387	111388
111388	111390	111388	111389
111389	111391	111389	111390
111390	111392	111390	111391
111391	111393	111391	111392
111392	111394	111392	111393
111393	111395	111393	111394
111394	111396	111394	111395
111395	111397	111395	111396
111396	111398	111396	111397
111397	111399	111397	111398
111398	111400	111398	111399
111399	111401	111399	111400
111400	111402	111400	111401
111401	111403	111401	111402
111402	111404	111402	111403
111403	111405	111403	111404
111404	111406	111404	111405
111405	111407	111405	111406
111406	111408	111406	111407
111407	111409	111407	111408
111408	111410	111408	111409
111409	111411	111409	111410
111410	111412	111410	111411
111411	111413	111411	111412
111412	111414	111412	111413
111413	111415	111413	111414
111414	111416	111414	111415
111415	111417	111415	111416
111416	111418	111416	111417
111417	111419	111417	111418
111418	111420	111418	111419
111419	111421	111419	111420
111420	111422	111420	111421
111421	111423	111421	111422
111422	111424	111422	111423
111423	111425	111423	111424
111424	111426	111424	111425
111425	111427	111425	111426
111426	111428	111426	111427
111427	111429	111427	111428
111428	111430	111428	111429
111429	111431	111429	111430
111430	111432	111430	111431
111431	111433	111431	111432
111432	111434	111432	111433
111433	111435	111433	111434
111434	111436	111434	111435
111435	111437	111435	111436
111436	111438	111436	111437
111437	111439	111437	111438
111438	111440	111438	111439
111439	111441	111439	111440
111440	111442	111440	111441
111441	111443	111441	111442
111442	111444	111442	111443
111443	111445	111443	111444
111444	111446	111444	111445
111445	111447	111445	111446
111446	111448	111446	111447
111447	111449	111447	111448
111448	111450	111448	111449
111449	111451	111449	111450
111450	111452	111450	111451
111451	111453	111451	111452
111452	111454	111452	111453
111453	111455	111453	111454
111454	111456	111454	111455
111455	111457	111455	111456
111456	111458	111456	111457
111457	111459	111457	111458
111458	111460	111458	111459
111459	111461	111459	111460
111460	111462	111460	111461
111461	111463	111461	111462
111462	111464	111462	111463
111463	111465	111463	111464
111464	111466	111464	111465
111465	111467	111465	111466
111466	111468	111466	111467
111467	111469	111467	111468
111468	111470	111468	111469
111469	111471	111469	111470
111470	111472	111470	111471
111471	111473	111471	111472
111472	111474	111472	111473
111473	111475	111473	111474
111474	111476	111474	111475
111475	111477	111475	111476
111476	111478	111476	111477
111477	111479	111477	111478
111478	111480	111478	111479
111479	111481	111479	111480
111480	111482	111480	111481
111481	111483	111481	111482
111482	111484	111482	111483
111483	111485	111483	111484
111484	111486	111484	111485
111485	111487	111485	111486
111486	111488	111486	111487
111487	111489	111487	111488
111488	111490	111488	111489
111489	111491	111489	111490
111490	111492	111490	111491
111491	111493	111491	111492
111492	111494	111492	111493
111493	111495	111493	111494
111494	111496	111494	111495
111495	111497	111495	111496
111496	111498	111496	111497
111497	111499	111497	111498
111498	111500	111498	111499
111499	111501	111499	111500
111500	111502	111500	111501
111501	111503	111501	111502
111502	111504	111502	111503
111503	111505	111503	111504
111504	111506	111504	111505
111505	111507	111505	111506
111506	111508	111506	111507
111507	111509	111507	111508
111508	111510	111508	111509
111509	111511	111509	111510
111510	111512	111510	111511
111511	111513	111511	111512
111512	111514	111512	111513
111513	111515	111513	111514
111514	111516	111514	111515
111515	111517	111515	111516
111516	111518	111516	111517
111517	111519	111517	111518
111518	111520	111518	111519
111519	111521	111519	111520
111520	111522	111520	111521
111521	111523	111521	111522
111522	111524	111522	111523
111523	111525	111523	111524
111524	111526	111524	111525
111525	111527	111525	111526
111526	111528	111526	111527
111527	111529	111527	111528
111528	111530	111528	111529
111529	111531	111529	111530
111530	111532	111530	111531
111531	111533	111531	111532
111532	111534	111532	111533
111533	111535	111533	111534
111534	111536	111534	111535
111535	111537	111535	111536
111536	111538	111536	111537
111537	111539	111537	111538
111538	111540	111538	111539
111539	111541	111539	111540
111540	111542	111540	111541
111541	111543	111541	111542
111542	111544	111542	111543
111543	111545	111543	111544
111544	111546	111544	111545
111545	111547	111545	111546
111546	111548	111546	111547
111547	111549	111547	111548
111548	111550	111548	111549
111549	111551	111549	111550
111550	111552	111550	111551
111551	111553	111551	111552
111552	111554	111552	111553
111553	111555	111553	111554
111554	111556	111554	111555
111555	111557	111555	111556
111556	111558	111556	111557
111557	111559	111557	111558
111558	111560	111558	111559
111559	111561	111559	111560
111560	111562	111560	111561
111561	111563	111561	111562
111562	111564	111562	111563
111563	111565	111563	111564
111564	111566	111564	111565
111565	111567	111565	111566
111566	111568	111566	111567
111567	111569	111567	111568
111568	111570	111568	111569
111569	111571	111569	111570
111570	111572	111570	111571
111571	111573	111571	111572
111572	111574	111572	111573
111573	111575	111573	111574
111574	111576	111574	111575
111575	111577	111575	111576
111576	111578	111576	111577
111577	111579	111577	111578
111578	111580	111578	111579
111579	111581	111579	111580
111580	111582	111580	111581
111581	111583	111581	111582
111582	111584	111582	111583
111583	111585	111583	111584
111584	111586	111584	111585
111585	111587	111585	111586
111586	111588	111586	111587
111587	111589	111587	111588
111588	111590	111588	111589
111589	111591	111589	111590
111590	111592	111590	111591
111591	111593	111591	111592
111592	111594	111592	111593
111593	111595	111593	111594
111594	111596	111594	111595
111595	111597	111595	111596
111596	111598	111596	111597
111597	111599	111597	111598
111598	111600	111598	111599
111599	111601	111599	111600
111600	111602	111600	111601
111601	111603	111601	111602
111602	111604	111602	111603
111603	111605	111603	111604
111604	111606	111604	111605
111605	111607	111605	111606
111606	111608	111606	111607
111607	111609	111607	111608
111608	111610	111608	111609
111609	111611	111609	111610
111610	111612	111610	111611
111611	111613	111611	111612
111612	111614	111612	111613
111613	111615	111613	111614
111614	111616	111614	111615
111615	111617	111615	111616
111616	111618	111616	111617
111617	111619	111617	111618
111618	111620	111618	111619
111619	111621	111619	111620
111620	111622	111620	111621
111621	111623	111621	111622
111622	111624	111622	111623
111623	111625	111623	111624
111624	111626	111624	111625
111625	111627	111625	111626
111626	111628	111626	111627
111627	111629	111627	111628
111628	111630	111628	111629
111629	111631	111629	111630
111630	111632	111630	111631
111631	111633	111631	111632
111632	111634	111632	111633
111633	111635	111633	111634
111634	111636	111634	111635
111635	111637	111635	111636
111636	111638	111636	111637
111637	111639	111637	111638
111638	111640	111638	111639
111639	111641	111639	111640
111640	111642	111640	111641
111641	111643	111641	111642
111642	111644	111642	111643
111643	111645	111643	111644
111644	111646	111644	111645
111645	111647	111645	111646
111646	111648	111646	111647
111647	111649	111647	111648
111648	111650	111648	111649
111649	111651	111649	111650
111650	111652	111650	111651
111651	111653	111651	111652
111652	111654	111652	111653
111653	111655	111653	111654
111654	111656	111654	111655
111655	111657	111655	111656
111656	111658	111656	111657
111657	111659	111657	111658
111658	111660	111658	111659
111659	111661	111659	111660
111660	111662	111660	111661
111661	111663	111661	111662
111662	111664	111662	111663
111663	111665	111663	111664
111664	111666	111664	111665
111665	111667	111665	111666
111666	111668	111666	111667
111667	111669	111667	111668
111668	111670	111668	111669
111669	111671	111669	111670
111670	111672	111670	111671
111671	111673	111671	111672
111672	111674	111672	111673
111673	111675	111673	111674
111674	111676	111674	111675
111675	111677	111675	111676
111676	111678	111676	111677
111677	111679	111677	111678
111678	111680	111678	111679
111679	111681	111679	111680
111680	111682	111680	111681
111681	111683	111681	111682
111682	111684	111682	111683
111683	111685	111683	111684
111684	111686	111684	111685
111685	111687	111685	111686
111686	111688	111686	111687
111687	111689	111687	111688
111688	111690	111688	111689
111689	111691	111689	111690
111690	111692	111690	111691
111691	111693	111691	111692
111692	111694	111692	111693
111693	111695	111693	111694
111694	111696	111694	111695
111695	111697	111695	111696
111696	111698	111696	111697
111697	111699	111697	111698
111698	111700	111698	111699
111699	111701	111699	111700
111700	111702	111700	111701
111701	111703	111701	111702
111702	111704	111702	111703
111703	111705	111703	111704
111704	111706	111704	111705
111705	111707	111705	111706
111706	111708	111706	111707
111707	111709	111707	111708
111708	111710	111708	111709
111709	111711	111709	111710
111710	111712	111710	111711
111711	111713	111711	111712
111712	111714	111712	111713
111713	111715	111713	111714
111714	111716	111714	111715
111715	111717	111715	111716
111716	111718	111716	111717
111717	111719	111717	111718
111718	111720	111718	111719
111719	111721	111719	111720
111720	111722	111720	111721
111721	111723	111721	111722
111722	111724	111722	111723
111723	111725	111723	111724
111724	111726	111724	111725
111725	111727	111725	111726
111726	111728	111726	111727
111727	111729	111727	111728
111728	111730	111728	111729
111729	111731	111729	111730
111730	111732	111730	111731
111731	111733	111731	111732
111732	111734	111732	111733
111733	111735	111733	111734
111734	111736	111734	111735
111735	111737	111735	111736
111736	111738	111736	111737
111737	111739	111737	111738
111738	111740	111738	111739
111739	111741	111739	111740
111740	111742	111740	111741
111741	111743	111741	111742
111742	111744	111742	111743
111743	111745	111743	111744
111744	111746	111744	111745
111745	111747	111745	111746
111746	111748	111746	111747
111747	111749	111747	111748
111748	111750	111748	111749
111749	111751	111749	111750
111750	111752	111750	111751
111751	111753	111751	111752
111752	111754	111752	111753
111753	111755	111753	111754
111754	111756	111754	111755
111755	111757	111755	111756
111756	111758	111756	111757
111757	111759	111757	111758
111758	111760	111758	111759
111759	111761	111759	111760
111760	111762	111760	111761
111761	111763	111761	111762
111762	111764	111762	111763
111763	111765	111763	111764
111764	111766	111764	111765
111765	111767	111765	111766
111766	111768	111766	111767
111767	111769	111767	111768
111768	111770	111768	111769
111769	111771	111769	111770
111770	111772	111770	111771
111771	111773	111771	111772
111772	111774	111772	111773
111773	111775	111773	111774
111774	111776	111774	111775
111775	111777	111775	111776
111776	111778	111776	111777
111777	111779	111777	111778
111778	111780	111778	111779
111779	111781	111779	111780
111780	111782	111780	111781
111781	111783	111781	111782
111782	111784	111782	111783
111783	111785	111783	111784
111784	111786	111784	111785
111785	111787	111785	111786
111786	111788	111786	111787
111787	111789	111787	111788
111788	111790	111788	111789
111789	111791	111789	111790
111790	111792	111790	111791
111791	111793	111791	111792
111792	111794	111792	111793
111793	111795	111793	111794
111794	111796	111794	111795
111795	111797	111795	111796
111796	111798	111796	111797
111797	111799	111797	111798
111798	111800	111798	111799
111799	111801	111799	111800
111800	111802	111800	111801
111801	111803	111801	111802
111802	111804	111802	111803
111803	111805	111803	111804
111804	111806	111804	111805
111805	111807	111805	111806
111806	111808	111806	111807
111807	111809	111807	111808
111808	111810	111808	111809
111809	111811	111809	111810
111810	111812	111810	111811
111811	111813	111811	111812
111812	111814	111812	111813
111813	111815	111813	111814
111814	111816	111814	111815
111815	111817	111815	111816
111816	111818	111816	111817
111817	111819	111817	111818
111818	111820	111818	111819
111819	111821	111819	111820
111820	111822	111820	111821
111821	111823	111821	111822
111822	111824	111822	111823
111823	111825	111823	111824
111824	111826	111824	111825
111825	111827	111825	111826
111826	111828	111826	111827
111827	111829	111827	111828
111828	111830	111828	111829
111829	111831	111829	111830
111830	111832	111830	111831
111831	111833	111831	111832
111832	111834	111832	111833
111833	111835	111833	111834
111834	111836	111834	111835
111835	111837	111835	111836
111836	111838	111836	111837
111837	111839	111837	111838
111838	111840	111838	111839
111839	111841	111839	111840
111840	111842	111840	111841
111841	111843	111841	111842
111842	111844	111842	111843
111843	111845	111843	111844
111844	111846	111844	111845
111845	111847	111845	111846
111846	111848	111846	111847
111847	111849	111847	111848
111848	111850	111848	111849
111849	111851	111849	111850
111850	111852	111850	111851
111851	111853	111851	111852
111852	111854	111852	111853
111853	111855	111853	111854
111854	111856	111854	111855
111855	111857	111855	111856
111856	111858	111856	111857
111857	111859	111857	111858
111858	111860	111858	111859
111859	111861	111859	111860
111860	111862	111860	111861
111861	111863	111861	111862
111862	111864	111862	111863
111863	111865	111863	111864
111864	111866	111864	111865
111865	111867	111865	111866
111866	111868	111866	111867
111867	111869	111867	111868
111868	111870	111868	111869
111869	111871	111869	111870
111870	111872	111870	111871
111871	111873	111871	111872
111872	111874	111872	111873
111873	111875	111873	111874
111874	111876	111874	111875
111875	111877	111875	111876
111876	111878	111876	111877
111877	111879	111877	111878
111878	111880	111878	111879
111879	111881	111879	111880
111880	111882	111880	111881
111881	111883	111881	111882
111882	111884	111882	111883
111883	111885	111883	111884
111884	111886	111884	111885
111885	111887	111885	111886
111886	111888	111886	111887
111887	111889	111887	111888
111888	111890	111888	111889
111889	111891	111889	111890
111890	111892	111890	111891
111891	111893	111891	111892
111892	111894	111892	111893
111893	111895	111893	111894
111894	111896	111894	111895
111895	111897	111895	111896
111896	111898	111896	111897
111897	111899	111897	111898
111898	111900	111898	111899
111899	111901	111899	111900
111900	111902	111900	111901
111901	111903	111901	111902
111902	111904	111902	111903
111903	111905	111903	111904
111904	111906	111904	111905
111905	111907	111905	111906
111906	111908	111906	111907
111907	111909	111907	111908
111908	111910	111908	111909
111909	111911	111909	111910
111910	111912	111910	111911
111911	111913	111911	111912
111912	111914	111912	111913
111913	111915	111913	111914
111914	111916	111914	111915
111915	111917	111915	111916
111916	111918	111916	111917
111917	111919	111917	111918
111918	111920	111918	111919
111919	111921	111919	111920
111920	111922	111920	111921
111921	111923	111921	111922
111922	111924	111922	111923
111923	111925	111923	111924
111924	111926	111924	111925
111925	111927	111925	111926
111926	111928	111926	111927
111927	111929	111927	111928
111928	111930	111928	111929
111929	111931	111929	111930
111930	111932	111930	111931
111931	111933	111931	111932
111932	111934	111932	111933
111933	111935	111933	111934
111934	111936	111934	111935
111935	111937	111935	111936
111936	111938	111936	111937
111937	111939	111937	111938
111938	111940	111938	111939
111939	111941	111939	111940
111940	111942	111940	111941
111941	111943	111941	111942
111942	111944	111942	111943
111943	111945	111943	111944
111944	111946	111944	111945
111945	111947	111945	111946
111946	111948	111946	111947
111947	111949	111947	111948
111948	111950	111948	111949
111949	111951	111949	111950
111950	111952	111950	111951
111951	111953	111951	111952
111952	111954	111952	111953
111953	111955	111953	111954
111954	111956	111954	111955
111955	111957	111955	111956
111956	111958	111956	111957
111957	111959	111957	111958
111958	111960	111958	111959
111959	111961	111959	111960
111960	111962	111960	111961
111961	111963	111961	111962
111962	111964	111962	111963
111963	111965	111963	111964
111964	111966	111964	111965
111965	111967	111965	111966
111966	111968	111966	111967
111967	111969	111967	111968
111968	111970	111968	111969
111969	111971	111969	111970
111970	111972	111970	111971
111971	111973	111971	111972
111972	111974	111972	111973
111973	111975	111973	111974
111974	111976	111974	111975
111975	111977	111975	111976
111976	111978	111976	111977
111977	111979	111977	111978
111978	111980	111978	111979
111979	111981	111979	111980
111980	111982	111980	111981
111981	111983	111981	111982
111982	111984	111982	111983
111983	111985	111983	111984
111984	111986	111984	111985
111985	111987	111985	111986
111986	111988	111986	111987
111987	111989	111987	111988
111988	111990	111988	111989
111989	111991	111989	111990
111990	111992	111990	111991
111991	111993	111991	111992
111992	111994	111992	111993
111993	111995	111993	111994
111994	111996	111994	111995
111995	111997	111995	111996
111996	111998	111996	111997
111997	111999	111997	111998
111998	112000	111998	111999
111999	112001	111999	112000
112000	112002	112000	112001