60000	60002	60000	60001
60001	60003	60001	60002
60002	60004	60002	60003
60003	60005	60003	60004
60004	60006	60004	60005
60005	60007	60005	60006
60006	60008	60006	60007
60007	60009	60007	60008
60008	60010	60008	60009
60009	60011	60009	60010
60010	60012	60010	60011
60011	60013	60011	60012
60012	60014	60012	60013
60013	60015	60013	60014
60014	60016	60014	60015
60015	60017	60015	60016
60016	60018	60016	60017
60017	60019	60017	60018
60018	60020	60018	60019
60019	60021	60019	60020
60020	60022	60020	60021
60021	60023	60021	60022
60022	60024	60022	60023
60023	60025	60023	60024
60024	60026	60024	60025
60025	60027	60025	60026
60026	60028	60026	60027
60027	60029	60027	60028
60028	60030	60028	60029
60029	60031	60029	60030
60030	60032	60030	60031
60031	60033	60031	60032
60032	60034	60032	60033
60033	60035	60033	60034
60034	60036	60034	60035
60035	60037	60035	60036
60036	60038	60036	60037
60037	60039	60037	60038
60038	60040	60038	60039
60039	60041	60039	60040
60040	60042	60040	60041
60041	60043	60041	60042
60042	60044	60042	60043
60043	60045	60043	60044
60044	60046	60044	60045
60045	60047	60045	60046
60046	60048	60046	60047
60047	60049	60047	60048
60048	60050	60048	60049
60049	60051	60049	60050
60050	60052	60050	60051
60051	60053	60051	60052
60052	60054	60052	60053
60053	60055	60053	60054
60054	60056	60054	60055
60055	60057	60055	60056
60056	60058	60056	60057
60057	60059	60057	60058
60058	60060	60058	60059
60059	60061	60059	60060
60060	60062	60060	60061
60061	60063	60061	60062
60062	60064	60062	60063
60063	60065	60063	60064
60064	60066	60064	60065
60065	60067	60065	60066
60066	60068	60066	60067
60067	60069	60067	60068
60068	60070	60068	60069
60069	60071	60069	60070
60070	60072	60070	60071
60071	60073	60071	60072
60072	60074	60072	60073
60073	60075	60073	60074
60074	60076	60074	60075
60075	60077	60075	60076
60076	60078	60076	60077
60077	60079	60077	60078
60078	60080	60078	60079
60079	60081	60079	60080
60080	60082	60080	60081
60081	60083	60081	60082
60082	60084	60082	60083
60083	60085	60083	60084
60084	60086	60084	60085
60085	60087	60085	60086
60086	60088	60086	60087
60087	60089	60087	60088
60088	60090	60088	60089
60089	60091	60089	60090
60090	60092	60090	60091
60091	60093	60091	60092
60092	60094	60092	60093
60093	60095	60093	60094
60094	60096	60094	60095
60095	60097	60095	60096
60096	60098	60096	60097
60097	60099	60097	60098
60098	60100	60098	60099
60099	60101	60099	60100
60100	60102	60100	60101
60101	60103	60101	60102
60102	60104	60102	60103
60103	60105	60103	60104
60104	60106	60104	60105
60105	60107	60105	60106
60106	60108	60106	60107
60107	60109	60107	60108
60108	60110	60108	60109
60109	60111	60109	60110
60110	60112	60110	60111
60111	60113	60111	60112
60112	60114	60112	60113
60113	60115	60113	60114
60114	60116	60114	60115
60115	60117	60115	60116
60116	60118	60116	60117
60117	60119	60117	60118
60118	60120	60118	60119
60119	60121	60119	60120
60120	60122	60120	60121
60121	60123	60121	60122
60122	60124	60122	60123
60123	60125	60123	60124
60124	60126	60124	60125
60125	60127	60125	60126
60126	60128	60126	60127
60127	60129	60127	60128
60128	60130	60128	60129
60129	60131	60129	60130
60130	60132	60130	60131
60131	60133	60131	60132
60132	60134	60132	60133
60133	60135	60133	60134
60134	60136	60134	60135
60135	60137	60135	60136
60136	60138	60136	60137
60137	60139	60137	60138
60138	60140	60138	60139
60139	60141	60139	60140
60140	60142	60140	60141
60141	60143	60141	60142
60142	60144	60142	60143
60143	60145	60143	60144
60144	60146	60144	60145
60145	60147	60145	60146
60146	60148	60146	60147
60147	60149	60147	60148
60148	60150	60148	60149
60149	60151	60149	60150
60150	60152	60150	60151
60151	60153	60151	60152
60152	60154	60152	60153
60153	60155	60153	60154
60154	60156	60154	60155
60155	60157	60155	60156
60156	60158	60156	60157
60157	60159	60157	60158
60158	60160	60158	60159
60159	60161	60159	60160
60160	60162	60160	60161
60161	60163	60161	60162
60162	60164	60162	60163
60163	60165	60163	60164
60164	60166	60164	60165
60165	60167	60165	60166
60166	60168	60166	60167
60167	60169	60167	60168
60168	60170	60168	60169
60169	60171	60169	60170
60170	60172	60170	60171
60171	60173	60171	60172
60172	60174	60172	60173
60173	60175	60173	60174
60174	60176	60174	60175
60175	60177	60175	60176
60176	60178	60176	60177
60177	60179	60177	60178
60178	60180	60178	60179
60179	60181	60179	60180
60180	60182	60180	60181
60181	60183	60181	60182
60182	60184	60182	60183
60183	60185	60183	60184
60184	60186	60184	60185
60185	60187	60185	60186
60186	60188	60186	60187
60187	60189	60187	60188
60188	60190	60188	60189
60189	60191	60189	60190
60190	60192	60190	60191
60191	60193	60191	60192
60192	60194	60192	60193
60193	60195	60193	60194
60194	60196	60194	60195
60195	60197	60195	60196
60196	60198	60196	60197
60197	60199	60197	60198
60198	60200	60198	60199
60199	60201	60199	60200
60200	60202	60200	60201
60201	60203	60201	60202
60202	60204	60202	60203
60203	60205	60203	60204
60204	60206	60204	60205
60205	60207	60205	60206
60206	60208	60206	60207
60207	60209	60207	60208
60208	60210	60208	60209
60209	60211	60209	60210
60210	60212	60210	60211
60211	60213	60211	60212
60212	60214	60212	60213
60213	60215	60213	60214
60214	60216	60214	60215
60215	60217	60215	60216
60216	60218	60216	60217
60217	60219	60217	60218
60218	60220	60218	60219
60219	60221	60219	60220
60220	60222	60220	60221
60221	60223	60221	60222
60222	60224	60222	60223
60223	60225	60223	60224
60224	60226	60224	60225
60225	60227	60225	60226
60226	60228	60226	60227
60227	60229	60227	60228
60228	60230	60228	60229
60229	60231	60229	60230
60230	60232	60230	60231
60231	60233	60231	60232
60232	60234	60232	60233
60233	60235	60233	60234
60234	60236	60234	60235
60235	60237	60235	60236
60236	60238	60236	60237
60237	60239	60237	60238
60238	60240	60238	60239
60239	60241	60239	60240
60240	60242	60240	60241
60241	60243	60241	60242
60242	60244	60242	60243
60243	60245	60243	60244
60244	60246	60244	60245
60245	60247	60245	60246
60246	60248	60246	60247
60247	60249	60247	60248
60248	60250	60248	60249
60249	60251	60249	60250
60250	60252	60250	60251
60251	60253	60251	60252
60252	60254	60252	60253
60253	60255	60253	60254
60254	60256	60254	60255
60255	60257	60255	60256
60256	60258	60256	60257
60257	60259	60257	60258
60258	60260	60258	60259
60259	60261	60259	60260
60260	60262	60260	60261
60261	60263	60261	60262
60262	60264	60262	60263
60263	60265	60263	60264
60264	60266	60264	60265
60265	60267	60265	60266
60266	60268	60266	60267
60267	60269	60267	60268
60268	60270	60268	60269
60269	60271	60269	60270
60270	60272	60270	60271
60271	60273	60271	60272
60272	60274	60272	60273
60273	60275	60273	60274
60274	60276	60274	60275
60275	60277	60275	60276
60276	60278	60276	60277
60277	60279	60277	60278
60278	60280	60278	60279
60279	60281	60279	60280
60280	60282	60280	60281
60281	60283	60281	60282
60282	60284	60282	60283
60283	60285	60283	60284
60284	60286	60284	60285
60285	60287	60285	60286
60286	60288	60286	60287
60287	60289	60287	60288
60288	60290	60288	60289
60289	60291	60289	60290
60290	60292	60290	60291
60291	60293	60291	60292
60292	60294	60292	60293
60293	60295	60293	60294
60294	60296	60294	60295
60295	60297	60295	60296
60296	60298	60296	60297
60297	60299	60297	60298
60298	60300	60298	60299
60299	60301	60299	60300
60300	60302	60300	60301
60301	60303	60301	60302
60302	60304	60302	60303
60303	60305	60303	60304
60304	60306	60304	60305
60305	60307	60305	60306
60306	60308	60306	60307
60307	60309	60307	60308
60308	60310	60308	60309
60309	60311	60309	60310
60310	60312	60310	60311
60311	60313	60311	60312
60312	60314	60312	60313
60313	60315	60313	60314
60314	60316	60314	60315
60315	60317	60315	60316
60316	60318	60316	60317
60317	60319	60317	60318
60318	60320	60318	60319
60319	60321	60319	60320
60320	60322	60320	60321
60321	60323	60321	60322
60322	60324	60322	60323
60323	60325	60323	60324
60324	60326	60324	60325
60325	60327	60325	60326
60326	60328	60326	60327
60327	60329	60327	60328
60328	60330	60328	60329
60329	60331	60329	60330
60330	60332	60330	60331
60331	60333	60331	60332
60332	60334	60332	60333
60333	60335	60333	60334
60334	60336	60334	60335
60335	60337	60335	60336
60336	60338	60336	60337
60337	60339	60337	60338
60338	60340	60338	60339
60339	60341	60339	60340
60340	60342	60340	60341
60341	60343	60341	60342
60342	60344	60342	60343
60343	60345	60343	60344
60344	60346	60344	60345
60345	60347	60345	60346
60346	60348	60346	60347
60347	60349	60347	60348
60348	60350	60348	60349
60349	60351	60349	60350
60350	60352	60350	60351
60351	60353	60351	60352
60352	60354	60352	60353
60353	60355	60353	60354
60354	60356	60354	60355
60355	60357	60355	60356
60356	60358	60356	60357
60357	60359	60357	60358
60358	60360	60358	60359
60359	60361	60359	60360
60360	60362	60360	60361
60361	60363	60361	60362
60362	60364	60362	60363
60363	60365	60363	60364
60364	60366	60364	60365
60365	60367	60365	60366
60366	60368	60366	60367
60367	60369	60367	60368
60368	60370	60368	60369
60369	60371	60369	60370
60370	60372	60370	60371
60371	60373	60371	60372
60372	60374	60372	60373
60373	60375	60373	60374
60374	60376	60374	60375
60375	60377	60375	60376
60376	60378	60376	60377
60377	60379	60377	60378
60378	60380	60378	60379
60379	60381	60379	60380
60380	60382	60380	60381
60381	60383	60381	60382
60382	60384	60382	60383
60383	60385	60383	60384
60384	60386	60384	60385
60385	60387	60385	60386
60386	60388	60386	60387
60387	60389	60387	60388
60388	60390	60388	60389
60389	60391	60389	60390
60390	60392	60390	60391
60391	60393	60391	60392
60392	60394	60392	60393
60393	60395	60393	60394
60394	60396	60394	60395
60395	60397	60395	60396
60396	60398	60396	60397
60397	60399	60397	60398
60398	60400	60398	60399
60399	60401	60399	60400
60400	60402	60400	60401
60401	60403	60401	60402
60402	60404	60402	60403
60403	60405	60403	60404
60404	60406	60404	60405
60405	60407	60405	60406
60406	60408	60406	60407
60407	60409	60407	60408
60408	60410	60408	60409
60409	60411	60409	60410
60410	60412	60410	60411
60411	60413	60411	60412
60412	60414	60412	60413
60413	60415	60413	60414
60414	60416	60414	60415
60415	60417	60415	60416
60416	60418	60416	60417
60417	60419	60417	60418
60418	60420	60418	60419
60419	60421	60419	60420
60420	60422	60420	60421
60421	60423	60421	60422
60422	60424	60422	60423
60423	60425	60423	60424
60424	60426	60424	60425
60425	60427	60425	60426
60426	60428	60426	60427
60427	60429	60427	60428
60428	60430	60428	60429
60429	60431	60429	60430
60430	60432	60430	60431
60431	60433	60431	60432
60432	60434	60432	60433
60433	60435	60433	60434
60434	60436	60434	60435
60435	60437	60435	60436
60436	60438	60436	60437
60437	60439	60437	60438
60438	60440	60438	60439
60439	60441	60439	60440
60440	60442	60440	60441
60441	60443	60441	60442
60442	60444	60442	60443
60443	60445	60443	60444
60444	60446	60444	60445
60445	60447	60445	60446
60446	60448	60446	60447
60447	60449	60447	60448
60448	60450	60448	60449
60449	60451	60449	60450
60450	60452	60450	60451
60451	60453	60451	60452
60452	60454	60452	60453
60453	60455	60453	60454
60454	60456	60454	60455
60455	60457	60455	60456
60456	60458	60456	60457
60457	60459	60457	60458
60458	60460	60458	60459
60459	60461	60459	60460
60460	60462	60460	60461
60461	60463	60461	60462
60462	60464	60462	60463
60463	60465	60463	60464
60464	60466	60464	60465
60465	60467	60465	60466
60466	60468	60466	60467
60467	60469	60467	60468
60468	60470	60468	60469
60469	60471	60469	60470
60470	60472	60470	60471
60471	60473	60471	60472
60472	60474	60472	60473
60473	60475	60473	60474
60474	60476	60474	60475
60475	60477	60475	60476
60476	60478	60476	60477
60477	60479	60477	60478
60478	60480	60478	60479
60479	60481	60479	60480
60480	60482	60480	60481
60481	60483	60481	60482
60482	60484	60482	60483
60483	60485	60483	60484
60484	60486	60484	60485
60485	60487	60485	60486
60486	60488	60486	60487
60487	60489	60487	60488
60488	60490	60488	60489
60489	60491	60489	60490
60490	60492	60490	60491
60491	60493	60491	60492
60492	60494	60492	60493
60493	60495	60493	60494
60494	60496	60494	60495
60495	60497	60495	60496
60496	60498	60496	60497
60497	60499	60497	60498
60498	60500	60498	60499
60499	60501	60499	60500
60500	60502	60500	60501
60501	60503	60501	60502
60502	60504	60502	60503
60503	60505	60503	60504
60504	60506	60504	60505
60505	60507	60505	60506
60506	60508	60506	60507
60507	60509	60507	60508
60508	60510	60508	60509
60509	60511	60509	60510
60510	60512	60510	60511
60511	60513	60511	60512
60512	60514	60512	60513
60513	60515	60513	60514
60514	60516	60514	60515
60515	60517	60515	60516
60516	60518	60516	60517
60517	60519	60517	60518
60518	60520	60518	60519
60519	60521	60519	60520
60520	60522	60520	60521
60521	60523	60521	60522
60522	60524	60522	60523
60523	60525	60523	60524
60524	60526	60524	60525
60525	60527	60525	60526
60526	60528	60526	60527
60527	60529	60527	60528
60528	60530	60528	60529
60529	60531	60529	60530
60530	60532	60530	60531
60531	60533	60531	60532
60532	60534	60532	60533
60533	60535	60533	60534
60534	60536	60534	60535
60535	60537	60535	60536
60536	60538	60536	60537
60537	60539	60537	60538
60538	60540	60538	60539
60539	60541	60539	60540
60540	60542	60540	60541
60541	60543	60541	60542
60542	60544	60542	60543
60543	60545	60543	60544
60544	60546	60544	60545
60545	60547	60545	60546
60546	60548	60546	60547
60547	60549	60547	60548
60548	60550	60548	60549
60549	60551	60549	60550
60550	60552	60550	60551
60551	60553	60551	60552
60552	60554	60552	60553
60553	60555	60553	60554
60554	60556	60554	60555
60555	60557	60555	60556
60556	60558	60556	60557
60557	60559	60557	60558
60558	60560	60558	60559
60559	60561	60559	60560
60560	60562	60560	60561
60561	60563	60561	60562
60562	60564	60562	60563
60563	60565	60563	60564
60564	60566	60564	60565
60565	60567	60565	60566
60566	60568	60566	60567
60567	60569	60567	60568
60568	60570	60568	60569
60569	60571	60569	60570
60570	60572	60570	60571
60571	60573	60571	60572
60572	60574	60572	60573
60573	60575	60573	60574
60574	60576	60574	60575
60575	60577	60575	60576
60576	60578	60576	60577
60577	60579	60577	60578
60578	60580	60578	60579
60579	60581	60579	60580
60580	60582	60580	60581
60581	60583	60581	60582
60582	60584	60582	60583
60583	60585	60583	60584
60584	60586	60584	60585
60585	60587	60585	60586
60586	60588	60586	60587
60587	60589	60587	60588
60588	60590	60588	60589
60589	60591	60589	60590
60590	60592	60590	60591
60591	60593	60591	60592
60592	60594	60592	60593
60593	60595	60593	60594
60594	60596	60594	60595
60595	60597	60595	60596
60596	60598	60596	60597
60597	60599	60597	60598
60598	60600	60598	60599
60599	60601	60599	60600
60600	60602	60600	60601
60601	60603	60601	60602
60602	60604	60602	60603
60603	60605	60603	60604
60604	60606	60604	60605
60605	60607	60605	60606
60606	60608	60606	60607
60607	60609	60607	60608
60608	60610	60608	60609
60609	60611	60609	60610
60610	60612	60610	60611
60611	60613	60611	60612
60612	60614	60612	60613
60613	60615	60613	60614
60614	60616	60614	60615
60615	60617	60615	60616
60616	60618	60616	60617
60617	60619	60617	60618
60618	60620	60618	60619
60619	60621	60619	60620
60620	60622	60620	60621
60621	60623	60621	60622
60622	60624	60622	60623
60623	60625	60623	60624
60624	60626	60624	60625
60625	60627	60625	60626
60626	60628	60626	60627
60627	60629	60627	60628
60628	60630	60628	60629
60629	60631	60629	60630
60630	60632	60630	60631
60631	60633	60631	60632
60632	60634	60632	60633
60633	60635	60633	60634
60634	60636	60634	60635
60635	60637	60635	60636
60636	60638	60636	60637
60637	60639	60637	60638
60638	60640	60638	60639
60639	60641	60639	60640
60640	60642	60640	60641
60641	60643	60641	60642
60642	60644	60642	60643
60643	60645	60643	60644
60644	60646	60644	60645
60645	60647	60645	60646
60646	60648	60646	60647
60647	60649	60647	60648
60648	60650	60648	60649
60649	60651	60649	60650
60650	60652	60650	60651
60651	60653	60651	60652
60652	60654	60652	60653
60653	60655	60653	60654
60654	60656	60654	60655
60655	60657	60655	60656
60656	60658	60656	60657
60657	60659	60657	60658
60658	60660	60658	60659
60659	60661	60659	60660
60660	60662	60660	60661
60661	60663	60661	60662
60662	60664	60662	60663
60663	60665	60663	60664
60664	60666	60664	60665
60665	60667	60665	60666
60666	60668	60666	60667
60667	60669	60667	60668
60668	60670	60668	60669
60669	60671	60669	60670
60670	60672	60670	60671
60671	60673	60671	60672
60672	60674	60672	60673
60673	60675	60673	60674
60674	60676	60674	60675
60675	60677	60675	60676
60676	60678	60676	60677
60677	60679	60677	60678
60678	60680	60678	60679
60679	60681	60679	60680
60680	60682	60680	60681
60681	60683	60681	60682
60682	60684	60682	60683
60683	60685	60683	60684
60684	60686	60684	60685
60685	60687	60685	60686
60686	60688	60686	60687
60687	60689	60687	60688
60688	60690	60688	60689
60689	60691	60689	60690
60690	60692	60690	60691
60691	60693	60691	60692
60692	60694	60692	60693
60693	60695	60693	60694
60694	60696	60694	60695
60695	60697	60695	60696
60696	60698	60696	60697
60697	60699	60697	60698
60698	60700	60698	60699
60699	60701	60699	60700
60700	60702	60700	60701
60701	60703	60701	60702
60702	60704	60702	60703
60703	60705	60703	60704
60704	60706	60704	60705
60705	60707	60705	60706
60706	60708	60706	60707
60707	60709	60707	60708
60708	60710	60708	60709
60709	60711	60709	60710
60710	60712	60710	60711
60711	60713	60711	60712
60712	60714	60712	60713
60713	60715	60713	60714
60714	60716	60714	60715
60715	60717	60715	60716
60716	60718	60716	60717
60717	60719	60717	60718
60718	60720	60718	60719
60719	60721	60719	60720
60720	60722	60720	60721
60721	60723	60721	60722
60722	60724	60722	60723
60723	60725	60723	60724
60724	60726	60724	60725
60725	60727	60725	60726
60726	60728	60726	60727
60727	60729	60727	60728
60728	60730	60728	60729
60729	60731	60729	60730
60730	60732	60730	60731
60731	60733	60731	60732
60732	60734	60732	60733
60733	60735	60733	60734
60734	60736	60734	60735
60735	60737	60735	60736
60736	60738	60736	60737
60737	60739	60737	60738
60738	60740	60738	60739
60739	60741	60739	60740
60740	60742	60740	60741
60741	60743	60741	60742
60742	60744	60742	60743
60743	60745	60743	60744
60744	60746	60744	60745
60745	60747	60745	60746
60746	60748	60746	60747
60747	60749	60747	60748
60748	60750	60748	60749
60749	60751	60749	60750
60750	60752	60750	60751
60751	60753	60751	60752
60752	60754	60752	60753
60753	60755	60753	60754
60754	60756	60754	60755
60755	60757	60755	60756
60756	60758	60756	60757
60757	60759	60757	60758
60758	60760	60758	60759
60759	60761	60759	60760
60760	60762	60760	60761
60761	60763	60761	60762
60762	60764	60762	60763
60763	60765	60763	60764
60764	60766	60764	60765
60765	60767	60765	60766
60766	60768	60766	60767
60767	60769	60767	60768
60768	60770	60768	60769
60769	60771	60769	60770
60770	60772	60770	60771
60771	60773	60771	60772
60772	60774	60772	60773
60773	60775	60773	60774
60774	60776	60774	60775
60775	60777	60775	60776
60776	60778	60776	60777
60777	60779	60777	60778
60778	60780	60778	60779
60779	60781	60779	60780
60780	60782	60780	60781
60781	60783	60781	60782
60782	60784	60782	60783
60783	60785	60783	60784
60784	60786	60784	60785
60785	60787	60785	60786
60786	60788	60786	60787
60787	60789	60787	60788
60788	60790	60788	60789
60789	60791	60789	60790
60790	60792	60790	60791
60791	60793	60791	60792
60792	60794	60792	60793
60793	60795	60793	60794
60794	60796	60794	60795
60795	60797	60795	60796
60796	60798	60796	60797
60797	60799	60797	60798
60798	60800	60798	60799
60799	60801	60799	60800
60800	60802	60800	60801
60801	60803	60801	60802
60802	60804	60802	60803
60803	60805	60803	60804
60804	60806	60804	60805
60805	60807	60805	60806
60806	60808	60806	60807
60807	60809	60807	60808
60808	60810	60808	60809
60809	60811	60809	60810
60810	60812	60810	60811
60811	60813	60811	60812
60812	60814	60812	60813
60813	60815	60813	60814
60814	60816	60814	60815
60815	60817	60815	60816
60816	60818	60816	60817
60817	60819	60817	60818
60818	60820	60818	60819
60819	60821	60819	60820
60820	60822	60820	60821
60821	60823	60821	60822
60822	60824	60822	60823
60823	60825	60823	60824
60824	60826	60824	60825
60825	60827	60825	60826
60826	60828	60826	60827
60827	60829	60827	60828
60828	60830	60828	60829
60829	60831	60829	60830
60830	60832	60830	60831
60831	60833	60831	60832
60832	60834	60832	60833
60833	60835	60833	60834
60834	60836	60834	60835
60835	60837	60835	60836
60836	60838	60836	60837
60837	60839	60837	60838
60838	60840	60838	60839
60839	60841	60839	60840
60840	60842	60840	60841
60841	60843	60841	60842
60842	60844	60842	60843
60843	60845	60843	60844
60844	60846	60844	60845
60845	60847	60845	60846
60846	60848	60846	60847
60847	60849	60847	60848
60848	60850	60848	60849
60849	60851	60849	60850
60850	60852	60850	60851
60851	60853	60851	60852
60852	60854	60852	60853
60853	60855	60853	60854
60854	60856	60854	60855
60855	60857	60855	60856
60856	60858	60856	60857
60857	60859	60857	60858
60858	60860	60858	60859
60859	60861	60859	60860
60860	60862	60860	60861
60861	60863	60861	60862
60862	60864	60862	60863
60863	60865	60863	60864
60864	60866	60864	60865
60865	60867	60865	60866
60866	60868	60866	60867
60867	60869	60867	60868
60868	60870	60868	60869
60869	60871	60869	60870
60870	60872	60870	60871
60871	60873	60871	60872
60872	60874	60872	60873
60873	60875	60873	60874
60874	60876	60874	60875
60875	60877	60875	60876
60876	60878	60876	60877
60877	60879	60877	60878
60878	60880	60878	60879
60879	60881	60879	60880
60880	60882	60880	60881
60881	60883	60881	60882
60882	60884	60882	60883
60883	60885	60883	60884
60884	60886	60884	60885
60885	60887	60885	60886
60886	60888	60886	60887
60887	60889	60887	60888
60888	60890	60888	60889
60889	60891	60889	60890
60890	60892	60890	60891
60891	60893	60891	60892
60892	60894	60892	60893
60893	60895	60893	60894
60894	60896	60894	60895
60895	60897	60895	60896
60896	60898	60896	60897
60897	60899	60897	60898
60898	60900	60898	60899
60899	60901	60899	60900
60900	60902	60900	60901
60901	60903	60901	60902
60902	60904	60902	60903
60903	60905	60903	60904
60904	60906	60904	60905
60905	60907	60905	60906
60906	60908	60906	60907
60907	60909	60907	60908
60908	60910	60908	60909
60909	60911	60909	60910
60910	60912	60910	60911
60911	60913	60911	60912
60912	60914	60912	60913
60913	60915	60913	60914
60914	60916	60914	60915
60915	60917	60915	60916
60916	60918	60916	60917
60917	60919	60917	60918
60918	60920	60918	60919
60919	60921	60919	60920
60920	60922	60920	60921
60921	60923	60921	60922
60922	60924	60922	60923
60923	60925	60923	60924
60924	60926	60924	60925
60925	60927	60925	60926
60926	60928	60926	60927
60927	60929	60927	60928
60928	60930	60928	60929
60929	60931	60929	60930
60930	60932	60930	60931
60931	60933	60931	60932
60932	60934	60932	60933
60933	60935	60933	60934
60934	60936	60934	60935
60935	60937	60935	60936
60936	60938	60936	60937
60937	60939	60937	60938
60938	60940	60938	60939
60939	60941	60939	60940
60940	60942	60940	60941
60941	60943	60941	60942
60942	60944	60942	60943
60943	60945	60943	60944
60944	60946	60944	60945
60945	60947	60945	60946
60946	60948	60946	60947
60947	60949	60947	60948
60948	60950	60948	60949
60949	60951	60949	60950
60950	60952	60950	60951
60951	60953	60951	60952
60952	60954	60952	60953
60953	60955	60953	60954
60954	60956	60954	60955
60955	60957	60955	60956
60956	60958	60956	60957
60957	60959	60957	60958
60958	60960	60958	60959
60959	60961	60959	60960
60960	60962	60960	60961
60961	60963	60961	60962
60962	60964	60962	60963
60963	60965	60963	60964
60964	60966	60964	60965
60965	60967	60965	60966
60966	60968	60966	60967
60967	60969	60967	60968
60968	60970	60968	60969
60969	60971	60969	60970
60970	60972	60970	60971
60971	60973	60971	60972
60972	60974	60972	60973
60973	60975	60973	60974
60974	60976	60974	60975
60975	60977	60975	60976
60976	60978	60976	60977
60977	60979	60977	60978
60978	60980	60978	60979
60979	60981	60979	60980
60980	60982	60980	60981
60981	60983	60981	60982
60982	60984	60982	60983
60983	60985	60983	60984
60984	60986	60984	60985
60985	60987	60985	60986
60986	60988	60986	60987
60987	60989	60987	60988
60988	60990	60988	60989
60989	60991	60989	60990
60990	60992	60990	60991
60991	60993	60991	60992
60992	60994	60992	60993
60993	60995	60993	60994
60994	60996	60994	60995
60995	60997	60995	60996
60996	60998	60996	60997
60997	60999	60997	60998
60998	61000	60998	60999
60999	61001	60999	61000
61000	61002	61000	61001
61001	61003	61001	61002
61002	61004	61002	61003
61003	61005	61003	61004
61004	61006	61004	61005
61005	61007	61005	61006
61006	61008	61006	61007
61007	61009	61007	61008
61008	61010	61008	61009
61009	61011	61009	61010
61010	61012	61010	61011
61011	61013	61011	61012
61012	61014	61012	61013
61013	61015	61013	61014
61014	61016	61014	61015
61015	61017	61015	61016
61016	61018	61016	61017
61017	61019	61017	61018
61018	61020	61018	61019
61019	61021	61019	61020
61020	61022	61020	61021
61021	61023	61021	61022
61022	61024	61022	61023
61023	61025	61023	61024
61024	61026	61024	61025
61025	61027	61025	61026
61026	61028	61026	61027
61027	61029	61027	61028
61028	61030	61028	61029
61029	61031	61029	61030
61030	61032	61030	61031
61031	61033	61031	61032
61032	61034	61032	61033
61033	61035	61033	61034
61034	61036	61034	61035
61035	61037	61035	61036
61036	61038	61036	61037
61037	61039	61037	61038
61038	61040	61038	61039
61039	61041	61039	61040
61040	61042	61040	61041
61041	61043	61041	61042
61042	61044	61042	61043
61043	61045	61043	61044
61044	61046	61044	61045
61045	61047	61045	61046
61046	61048	61046	61047
61047	61049	61047	61048
61048	61050	61048	61049
61049	61051	61049	61050
61050	61052	61050	61051
61051	61053	61051	61052
61052	61054	61052	61053
61053	61055	61053	61054
61054	61056	61054	61055
61055	61057	61055	61056
61056	61058	61056	61057
61057	61059	61057	61058
61058	61060	61058	61059
61059	61061	61059	61060
61060	61062	61060	61061
61061	61063	61061	61062
61062	61064	61062	61063
61063	61065	61063	61064
61064	61066	61064	61065
61065	61067	61065	61066
61066	61068	61066	61067
61067	61069	61067	61068
61068	61070	61068	61069
61069	61071	61069	61070
61070	61072	61070	61071
61071	61073	61071	61072
61072	61074	61072	61073
61073	61075	61073	61074
61074	61076	61074	61075
61075	61077	61075	61076
61076	61078	61076	61077
61077	61079	61077	61078
61078	61080	61078	61079
61079	61081	61079	61080
61080	61082	61080	61081
61081	61083	61081	61082
61082	61084	61082	61083
61083	61085	61083	61084
61084	61086	61084	61085
61085	61087	61085	61086
61086	61088	61086	61087
61087	61089	61087	61088
61088	61090	61088	61089
61089	61091	61089	61090
61090	61092	61090	61091
61091	61093	61091	61092
61092	61094	61092	61093
61093	61095	61093	61094
61094	61096	61094	61095
61095	61097	61095	61096
61096	61098	61096	61097
61097	61099	61097	61098
61098	61100	61098	61099
61099	61101	61099	61100
61100	61102	61100	61101
61101	61103	61101	61102
61102	61104	61102	61103
61103	61105	61103	61104
61104	61106	61104	61105
61105	61107	61105	61106
61106	61108	61106	61107
61107	61109	61107	61108
61108	61110	61108	61109
61109	61111	61109	61110
61110	61112	61110	61111
61111	61113	61111	61112
61112	61114	61112	61113
61113	61115	61113	61114
61114	61116	61114	61115
61115	61117	61115	61116
61116	61118	61116	61117
61117	61119	61117	61118
61118	61120	61118	61119
61119	61121	61119	61120
61120	61122	61120	61121
61121	61123	61121	61122
61122	61124	61122	61123
61123	61125	61123	61124
61124	61126	61124	61125
61125	61127	61125	61126
61126	61128	61126	61127
61127	61129	61127	61128
61128	61130	61128	61129
61129	61131	61129	61130
61130	61132	61130	61131
61131	61133	61131	61132
61132	61134	61132	61133
61133	61135	61133	61134
61134	61136	61134	61135
61135	61137	61135	61136
61136	61138	61136	61137
61137	61139	61137	61138
61138	61140	61138	61139
61139	61141	61139	61140
61140	61142	61140	61141
61141	61143	61141	61142
61142	61144	61142	61143
61143	61145	61143	61144
61144	61146	61144	61145
61145	61147	61145	61146
61146	61148	61146	61147
61147	61149	61147	61148
61148	61150	61148	61149
61149	61151	61149	61150
61150	61152	61150	61151
61151	61153	61151	61152
61152	61154	61152	61153
61153	61155	61153	61154
61154	61156	61154	61155
61155	61157	61155	61156
61156	61158	61156	61157
61157	61159	61157	61158
61158	61160	61158	61159
61159	61161	61159	61160
61160	61162	61160	61161
61161	61163	61161	61162
61162	61164	61162	61163
61163	61165	61163	61164
61164	61166	61164	61165
61165	61167	61165	61166
61166	61168	61166	61167
61167	61169	61167	61168
61168	61170	61168	61169
61169	61171	61169	61170
61170	61172	61170	61171
61171	61173	61171	61172
61172	61174	61172	61173
61173	61175	61173	61174
61174	61176	61174	61175
61175	61177	61175	61176
61176	61178	61176	61177
61177	61179	61177	61178
61178	61180	61178	61179
61179	61181	61179	61180
61180	61182	61180	61181
61181	61183	61181	61182
61182	61184	61182	61183
61183	61185	61183	61184
61184	61186	61184	61185
61185	61187	61185	61186
61186	61188	61186	61187
61187	61189	61187	61188
61188	61190	61188	61189
61189	61191	61189	61190
61190	61192	61190	61191
61191	61193	61191	61192
61192	61194	61192	61193
61193	61195	61193	61194
61194	61196	61194	61195
61195	61197	61195	61196
61196	61198	61196	61197
61197	61199	61197	61198
61198	61200	61198	61199
61199	61201	61199	61200
61200	61202	61200	61201
61201	61203	61201	61202
61202	61204	61202	61203
61203	61205	61203	61204
61204	61206	61204	61205
61205	61207	61205	61206
61206	61208	61206	61207
61207	61209	61207	61208
61208	61210	61208	61209
61209	61211	61209	61210
61210	61212	61210	61211
61211	61213	61211	61212
61212	61214	61212	61213
61213	61215	61213	61214
61214	61216	61214	61215
61215	61217	61215	61216
61216	61218	61216	61217
61217	61219	61217	61218
61218	61220	61218	61219
61219	61221	61219	61220
61220	61222	61220	61221
61221	61223	61221	61222
61222	61224	61222	61223
61223	61225	61223	61224
61224	61226	61224	61225
61225	61227	61225	61226
61226	61228	61226	61227
61227	61229	61227	61228
61228	61230	61228	61229
61229	61231	61229	61230
61230	61232	61230	61231
61231	61233	61231	61232
61232	61234	61232	61233
61233	61235	61233	61234
61234	61236	61234	61235
61235	61237	61235	61236
61236	61238	61236	61237
61237	61239	61237	61238
61238	61240	61238	61239
61239	61241	61239	61240
61240	61242	61240	61241
61241	61243	61241	61242
61242	61244	61242	61243
61243	61245	61243	61244
61244	61246	61244	61245
61245	61247	61245	61246
61246	61248	61246	61247
61247	61249	61247	61248
61248	61250	61248	61249
61249	61251	61249	61250
61250	61252	61250	61251
61251	61253	61251	61252
61252	61254	61252	61253
61253	61255	61253	61254
61254	61256	61254	61255
61255	61257	61255	61256
61256	61258	61256	61257
61257	61259	61257	61258
61258	61260	61258	61259
61259	61261	61259	61260
61260	61262	61260	61261
61261	61263	61261	61262
61262	61264	61262	61263
61263	61265	61263	61264
61264	61266	61264	61265
61265	61267	61265	61266
61266	61268	61266	61267
61267	61269	61267	61268
61268	61270	61268	61269
61269	61271	61269	61270
61270	61272	61270	61271
61271	61273	61271	61272
61272	61274	61272	61273
61273	61275	61273	61274
61274	61276	61274	61275
61275	61277	61275	61276
61276	61278	61276	61277
61277	61279	61277	61278
61278	61280	61278	61279
61279	61281	61279	61280
61280	61282	61280	61281
61281	61283	61281	61282
61282	61284	61282	61283
61283	61285	61283	61284
61284	61286	61284	61285
61285	61287	61285	61286
61286	61288	61286	61287
61287	61289	61287	61288
61288	61290	61288	61289
61289	61291	61289	61290
61290	61292	61290	61291
61291	61293	61291	61292
61292	61294	61292	61293
61293	61295	61293	61294
61294	61296	61294	61295
61295	61297	61295	61296
61296	61298	61296	61297
61297	61299	61297	61298
61298	61300	61298	61299
61299	61301	61299	61300
61300	61302	61300	61301
61301	61303	61301	61302
61302	61304	61302	61303
61303	61305	61303	61304
61304	61306	61304	61305
61305	61307	61305	61306
61306	61308	61306	61307
61307	61309	61307	61308
61308	61310	61308	61309
61309	61311	61309	61310
61310	61312	61310	61311
61311	61313	61311	61312
61312	61314	61312	61313
61313	61315	61313	61314
61314	61316	61314	61315
61315	61317	61315	61316
61316	61318	61316	61317
61317	61319	61317	61318
61318	61320	61318	61319
61319	61321	61319	61320
61320	61322	61320	61321
61321	61323	61321	61322
61322	61324	61322	61323
61323	61325	61323	61324
61324	61326	61324	61325
61325	61327	61325	61326
61326	61328	61326	61327
61327	61329	61327	61328
61328	61330	61328	61329
61329	61331	61329	61330
61330	61332	61330	61331
61331	61333	61331	61332
61332	61334	61332	61333
61333	61335	61333	61334
61334	61336	61334	61335
61335	61337	61335	61336
61336	61338	61336	61337
61337	61339	61337	61338
61338	61340	61338	61339
61339	61341	61339	61340
61340	61342	61340	61341
61341	61343	61341	61342
61342	61344	61342	61343
61343	61345	61343	61344
61344	61346	61344	61345
61345	61347	61345	61346
61346	61348	61346	61347
61347	61349	61347	61348
61348	61350	61348	61349
61349	61351	61349	61350
61350	61352	61350	61351
61351	61353	61351	61352
61352	61354	61352	61353
61353	61355	61353	61354
61354	61356	61354	61355
61355	61357	61355	61356
61356	61358	61356	61357
61357	61359	61357	61358
61358	61360	61358	61359
61359	61361	61359	61360
61360	61362	61360	61361
61361	61363	61361	61362
61362	61364	61362	61363
61363	61365	61363	61364
61364	61366	61364	61365
61365	61367	61365	61366
61366	61368	61366	61367
61367	61369	61367	61368
61368	61370	61368	61369
61369	61371	61369	61370
61370	61372	61370	61371
61371	61373	61371	61372
61372	61374	61372	61373
61373	61375	61373	61374
61374	61376	61374	61375
61375	61377	61375	61376
61376	61378	61376	61377
61377	61379	61377	61378
61378	61380	61378	61379
61379	61381	61379	61380
61380	61382	61380	61381
61381	61383	61381	61382
61382	61384	61382	61383
61383	61385	61383	61384
61384	61386	61384	61385
61385	61387	61385	61386
61386	61388	61386	61387
61387	61389	61387	61388
61388	61390	61388	61389
61389	61391	61389	61390
61390	61392	61390	61391
61391	61393	61391	61392
61392	61394	61392	61393
61393	61395	61393	61394
61394	61396	61394	61395
61395	61397	61395	61396
61396	61398	61396	61397
61397	61399	61397	61398
61398	61400	61398	61399
61399	61401	61399	61400
61400	61402	61400	61401
61401	61403	61401	61402
61402	61404	61402	61403
61403	61405	61403	61404
61404	61406	61404	61405
61405	61407	61405	61406
61406	61408	61406	61407
61407	61409	61407	61408
61408	61410	61408	61409
61409	61411	61409	61410
61410	61412	61410	61411
61411	61413	61411	61412
61412	61414	61412	61413
61413	61415	61413	61414
61414	61416	61414	61415
61415	61417	61415	61416
61416	61418	61416	61417
61417	61419	61417	61418
61418	61420	61418	61419
61419	61421	61419	61420
61420	61422	61420	61421
61421	61423	61421	61422
61422	61424	61422	61423
61423	61425	61423	61424
61424	61426	61424	61425
61425	61427	61425	61426
61426	61428	61426	61427
61427	61429	61427	61428
61428	61430	61428	61429
61429	61431	61429	61430
61430	61432	61430	61431
61431	61433	61431	61432
61432	61434	61432	61433
61433	61435	61433	61434
61434	61436	61434	61435
61435	61437	61435	61436
61436	61438	61436	61437
61437	61439	61437	61438
61438	61440	61438	61439
61439	61441	61439	61440
61440	61442	61440	61441
61441	61443	61441	61442
61442	61444	61442	61443
61443	61445	61443	61444
61444	61446	61444	61445
61445	61447	61445	61446
61446	61448	61446	61447
61447	61449	61447	61448
61448	61450	61448	61449
61449	61451	61449	61450
61450	61452	61450	61451
61451	61453	61451	61452
61452	61454	61452	61453
61453	61455	61453	61454
61454	61456	61454	61455
61455	61457	61455	61456
61456	61458	61456	61457
61457	61459	61457	61458
61458	61460	61458	61459
61459	61461	61459	61460
61460	61462	61460	61461
61461	61463	61461	61462
61462	61464	61462	61463
61463	61465	61463	61464
61464	61466	61464	61465
61465	61467	61465	61466
61466	61468	61466	61467
61467	61469	61467	61468
61468	61470	61468	61469
61469	61471	61469	61470
61470	61472	61470	61471
61471	61473	61471	61472
61472	61474	61472	61473
61473	61475	61473	61474
61474	61476	61474	61475
61475	61477	61475	61476
61476	61478	61476	61477
61477	61479	61477	61478
61478	61480	61478	61479
61479	61481	61479	61480
61480	61482	61480	61481
61481	61483	61481	61482
61482	61484	61482	61483
61483	61485	61483	61484
61484	61486	61484	61485
61485	61487	61485	61486
61486	61488	61486	61487
61487	61489	61487	61488
61488	61490	61488	61489
61489	61491	61489	61490
61490	61492	61490	61491
61491	61493	61491	61492
61492	61494	61492	61493
61493	61495	61493	61494
61494	61496	61494	61495
61495	61497	61495	61496
61496	61498	61496	61497
61497	61499	61497	61498
61498	61500	61498	61499
61499	61501	61499	61500
61500	61502	61500	61501
61501	61503	61501	61502
61502	61504	61502	61503
61503	61505	61503	61504
61504	61506	61504	61505
61505	61507	61505	61506
61506	61508	61506	61507
61507	61509	61507	61508
61508	61510	61508	61509
61509	61511	61509	61510
61510	61512	61510	61511
61511	61513	61511	61512
61512	61514	61512	61513
61513	61515	61513	61514
61514	61516	61514	61515
61515	61517	61515	61516
61516	61518	61516	61517
61517	61519	61517	61518
61518	61520	61518	61519
61519	61521	61519	61520
61520	61522	61520	61521
61521	61523	61521	61522
61522	61524	61522	61523
61523	61525	61523	61524
61524	61526	61524	61525
61525	61527	61525	61526
61526	61528	61526	61527
61527	61529	61527	61528
61528	61530	61528	61529
61529	61531	61529	61530
61530	61532	61530	61531
61531	61533	61531	61532
61532	61534	61532	61533
61533	61535	61533	61534
61534	61536	61534	61535
61535	61537	61535	61536
61536	61538	61536	61537
61537	61539	61537	61538
61538	61540	61538	61539
61539	61541	61539	61540
61540	61542	61540	61541
61541	61543	61541	61542
61542	61544	61542	61543
61543	61545	61543	61544
61544	61546	61544	61545
61545	61547	61545	61546
61546	61548	61546	61547
61547	61549	61547	61548
61548	61550	61548	61549
61549	61551	61549	61550
61550	61552	61550	61551
61551	61553	61551	61552
61552	61554	61552	61553
61553	61555	61553	61554
61554	61556	61554	61555
61555	61557	61555	61556
61556	61558	61556	61557
61557	61559	61557	61558
61558	61560	61558	61559
61559	61561	61559	61560
61560	61562	61560	61561
61561	61563	61561	61562
61562	61564	61562	61563
61563	61565	61563	61564
61564	61566	61564	61565
61565	61567	61565	61566
61566	61568	61566	61567
61567	61569	61567	61568
61568	61570	61568	61569
61569	61571	61569	61570
61570	61572	61570	61571
61571	61573	61571	61572
61572	61574	61572	61573
61573	61575	61573	61574
61574	61576	61574	61575
61575	61577	61575	61576
61576	61578	61576	61577
61577	61579	61577	61578
61578	61580	61578	61579
61579	61581	61579	61580
61580	61582	61580	61581
61581	61583	61581	61582
61582	61584	61582	61583
61583	61585	61583	61584
61584	61586	61584	61585
61585	61587	61585	61586
61586	61588	61586	61587
61587	61589	61587	61588
61588	61590	61588	61589
61589	61591	61589	61590
61590	61592	61590	61591
61591	61593	61591	61592
61592	61594	61592	61593
61593	61595	61593	61594
61594	61596	61594	61595
61595	61597	61595	61596
61596	61598	61596	61597
61597	61599	61597	61598
61598	61600	61598	61599
61599	61601	61599	61600
61600	61602	61600	61601
61601	61603	61601	61602
61602	61604	61602	61603
61603	61605	61603	61604
61604	61606	61604	61605
61605	61607	61605	61606
61606	61608	61606	61607
61607	61609	61607	61608
61608	61610	61608	61609
61609	61611	61609	61610
61610	61612	61610	61611
61611	61613	61611	61612
61612	61614	61612	61613
61613	61615	61613	61614
61614	61616	61614	61615
61615	61617	61615	61616
61616	61618	61616	61617
61617	61619	61617	61618
61618	61620	61618	61619
61619	61621	61619	61620
61620	61622	61620	61621
61621	61623	61621	61622
61622	61624	61622	61623
61623	61625	61623	61624
61624	61626	61624	61625
61625	61627	61625	61626
61626	61628	61626	61627
61627	61629	61627	61628
61628	61630	61628	61629
61629	61631	61629	61630
61630	61632	61630	61631
61631	61633	61631	61632
61632	61634	61632	61633
61633	61635	61633	61634
61634	61636	61634	61635
61635	61637	61635	61636
61636	61638	61636	61637
61637	61639	61637	61638
61638	61640	61638	61639
61639	61641	61639	61640
61640	61642	61640	61641
61641	61643	61641	61642
61642	61644	61642	61643
61643	61645	61643	61644
61644	61646	61644	61645
61645	61647	61645	61646
61646	61648	61646	61647
61647	61649	61647	61648
61648	61650	61648	61649
61649	61651	61649	61650
61650	61652	61650	61651
61651	61653	61651	61652
61652	61654	61652	61653
61653	61655	61653	61654
61654	61656	61654	61655
61655	61657	61655	61656
61656	61658	61656	61657
61657	61659	61657	61658
61658	61660	61658	61659
61659	61661	61659	61660
61660	61662	61660	61661
61661	61663	61661	61662
61662	61664	61662	61663
61663	61665	61663	61664
61664	61666	61664	61665
61665	61667	61665	61666
61666	61668	61666	61667
61667	61669	61667	61668
61668	61670	61668	61669
61669	61671	61669	61670
61670	61672	61670	61671
61671	61673	61671	61672
61672	61674	61672	61673
61673	61675	61673	61674
61674	61676	61674	61675
61675	61677	61675	61676
61676	61678	61676	61677
61677	61679	61677	61678
61678	61680	61678	61679
61679	61681	61679	61680
61680	61682	61680	61681
61681	61683	61681	61682
61682	61684	61682	61683
61683	61685	61683	61684
61684	61686	61684	61685
61685	61687	61685	61686
61686	61688	61686	61687
61687	61689	61687	61688
61688	61690	61688	61689
61689	61691	61689	61690
61690	61692	61690	61691
61691	61693	61691	61692
61692	61694	61692	61693
61693	61695	61693	61694
61694	61696	61694	61695
61695	61697	61695	61696
61696	61698	61696	61697
61697	61699	61697	61698
61698	61700	61698	61699
61699	61701	61699	61700
61700	61702	61700	61701
61701	61703	61701	61702
61702	61704	61702	61703
61703	61705	61703	61704
61704	61706	61704	61705
61705	61707	61705	61706
61706	61708	61706	61707
61707	61709	61707	61708
61708	61710	61708	61709
61709	61711	61709	61710
61710	61712	61710	61711
61711	61713	61711	61712
61712	61714	61712	61713
61713	61715	61713	61714
61714	61716	61714	61715
61715	61717	61715	61716
61716	61718	61716	61717
61717	61719	61717	61718
61718	61720	61718	61719
61719	61721	61719	61720
61720	61722	61720	61721
61721	61723	61721	61722
61722	61724	61722	61723
61723	61725	61723	61724
61724	61726	61724	61725
61725	61727	61725	61726
61726	61728	61726	61727
61727	61729	61727	61728
61728	61730	61728	61729
61729	61731	61729	61730
61730	61732	61730	61731
61731	61733	61731	61732
61732	61734	61732	61733
61733	61735	61733	61734
61734	61736	61734	61735
61735	61737	61735	61736
61736	61738	61736	61737
61737	61739	61737	61738
61738	61740	61738	61739
61739	61741	61739	61740
61740	61742	61740	61741
61741	61743	61741	61742
61742	61744	61742	61743
61743	61745	61743	61744
61744	61746	61744	61745
61745	61747	61745	61746
61746	61748	61746	61747
61747	61749	61747	61748
61748	61750	61748	61749
61749	61751	61749	61750
61750	61752	61750	61751
61751	61753	61751	61752
61752	61754	61752	61753
61753	61755	61753	61754
61754	61756	61754	61755
61755	61757	61755	61756
61756	61758	61756	61757
61757	61759	61757	61758
61758	61760	61758	61759
61759	61761	61759	61760
61760	61762	61760	61761
61761	61763	61761	61762
61762	61764	61762	61763
61763	61765	61763	61764
61764	61766	61764	61765
61765	61767	61765	61766
61766	61768	61766	61767
61767	61769	61767	61768
61768	61770	61768	61769
61769	61771	61769	61770
61770	61772	61770	61771
61771	61773	61771	61772
61772	61774	61772	61773
61773	61775	61773	61774
61774	61776	61774	61775
61775	61777	61775	61776
61776	61778	61776	61777
61777	61779	61777	61778
61778	61780	61778	61779
61779	61781	61779	61780
61780	61782	61780	61781
61781	61783	61781	61782
61782	61784	61782	61783
61783	61785	61783	61784
61784	61786	61784	61785
61785	61787	61785	61786
61786	61788	61786	61787
61787	61789	61787	61788
61788	61790	61788	61789
61789	61791	61789	61790
61790	61792	61790	61791
61791	61793	61791	61792
61792	61794	61792	61793
61793	61795	61793	61794
61794	61796	61794	61795
61795	61797	61795	61796
61796	61798	61796	61797
61797	61799	61797	61798
61798	61800	61798	61799
61799	61801	61799	61800
61800	61802	61800	61801
61801	61803	61801	61802
61802	61804	61802	61803
61803	61805	61803	61804
61804	61806	61804	61805
61805	61807	61805	61806
61806	61808	61806	61807
61807	61809	61807	61808
61808	61810	61808	61809
61809	61811	61809	61810
61810	61812	61810	61811
61811	61813	61811	61812
61812	61814	61812	61813
61813	61815	61813	61814
61814	61816	61814	61815
61815	61817	61815	61816
61816	61818	61816	61817
61817	61819	61817	61818
61818	61820	61818	61819
61819	61821	61819	61820
61820	61822	61820	61821
61821	61823	61821	61822
61822	61824	61822	61823
61823	61825	61823	61824
61824	61826	61824	61825
61825	61827	61825	61826
61826	61828	61826	61827
61827	61829	61827	61828
61828	61830	61828	61829
61829	61831	61829	61830
61830	61832	61830	61831
61831	61833	61831	61832
61832	61834	61832	61833
61833	61835	61833	61834
61834	61836	61834	61835
61835	61837	61835	61836
61836	61838	61836	61837
61837	61839	61837	61838
61838	61840	61838	61839
61839	61841	61839	61840
61840	61842	61840	61841
61841	61843	61841	61842
61842	61844	61842	61843
61843	61845	61843	61844
61844	61846	61844	61845
61845	61847	61845	61846
61846	61848	61846	61847
61847	61849	61847	61848
61848	61850	61848	61849
61849	61851	61849	61850
61850	61852	61850	61851
61851	61853	61851	61852
61852	61854	61852	61853
61853	61855	61853	61854
61854	61856	61854	61855
61855	61857	61855	61856
61856	61858	61856	61857
61857	61859	61857	61858
61858	61860	61858	61859
61859	61861	61859	61860
61860	61862	61860	61861
61861	61863	61861	61862
61862	61864	61862	61863
61863	61865	61863	61864
61864	61866	61864	61865
61865	61867	61865	61866
61866	61868	61866	61867
61867	61869	61867	61868
61868	61870	61868	61869
61869	61871	61869	61870
61870	61872	61870	61871
61871	61873	61871	61872
61872	61874	61872	61873
61873	61875	61873	61874
61874	61876	61874	61875
61875	61877	61875	61876
61876	61878	61876	61877
61877	61879	61877	61878
61878	61880	61878	61879
61879	61881	61879	61880
61880	61882	61880	61881
61881	61883	61881	61882
61882	61884	61882	61883
61883	61885	61883	61884
61884	61886	61884	61885
61885	61887	61885	61886
61886	61888	61886	61887
61887	61889	61887	61888
61888	61890	61888	61889
61889	61891	61889	61890
61890	61892	61890	61891
61891	61893	61891	61892
61892	61894	61892	61893
61893	61895	61893	61894
61894	61896	61894	61895
61895	61897	61895	61896
61896	61898	61896	61897
61897	61899	61897	61898
61898	61900	61898	61899
61899	61901	61899	61900
61900	61902	61900	61901
61901	61903	61901	61902
61902	61904	61902	61903
61903	61905	61903	61904
61904	61906	61904	61905
61905	61907	61905	61906
61906	61908	61906	61907
61907	61909	61907	61908
61908	61910	61908	61909
61909	61911	61909	61910
61910	61912	61910	61911
61911	61913	61911	61912
61912	61914	61912	61913
61913	61915	61913	61914
61914	61916	61914	61915
61915	61917	61915	61916
61916	61918	61916	61917
61917	61919	61917	61918
61918	61920	61918	61919
61919	61921	61919	61920
61920	61922	61920	61921
61921	61923	61921	61922
61922	61924	61922	61923
61923	61925	61923	61924
61924	61926	61924	61925
61925	61927	61925	61926
61926	61928	61926	61927
61927	61929	61927	61928
61928	61930	61928	61929
61929	61931	61929	61930
61930	61932	61930	61931
61931	61933	61931	61932
61932	61934	61932	61933
61933	61935	61933	61934
61934	61936	61934	61935
61935	61937	61935	61936
61936	61938	61936	61937
61937	61939	61937	61938
61938	61940	61938	61939
61939	61941	61939	61940
61940	61942	61940	61941
61941	61943	61941	61942
61942	61944	61942	61943
61943	61945	61943	61944
61944	61946	61944	61945
61945	61947	61945	61946
61946	61948	61946	61947
61947	61949	61947	61948
61948	61950	61948	61949
61949	61951	61949	61950
61950	61952	61950	61951
61951	61953	61951	61952
61952	61954	61952	61953
61953	61955	61953	61954
61954	61956	61954	61955
61955	61957	61955	61956
61956	61958	61956	61957
61957	61959	61957	61958
61958	61960	61958	61959
61959	61961	61959	61960
61960	61962	61960	61961
61961	61963	61961	61962
61962	61964	61962	61963
61963	61965	61963	61964
61964	61966	61964	61965
61965	61967	61965	61966
61966	61968	61966	61967
61967	61969	61967	61968
61968	61970	61968	61969
61969	61971	61969	61970
61970	61972	61970	61971
61971	61973	61971	61972
61972	61974	61972	61973
61973	61975	61973	61974
61974	61976	61974	61975
61975	61977	61975	61976
61976	61978	61976	61977
61977	61979	61977	61978
61978	61980	61978	61979
61979	61981	61979	61980
61980	61982	61980	61981
61981	61983	61981	61982
61982	61984	61982	61983
61983	61985	61983	61984
61984	61986	61984	61985
61985	61987	61985	61986
61986	61988	61986	61987
61987	61989	61987	61988
61988	61990	61988	61989
61989	61991	61989	61990
61990	61992	61990	61991
61991	61993	61991	61992
61992	61994	61992	61993
61993	61995	61993	61994
61994	61996	61994	61995
61995	61997	61995	61996
61996	61998	61996	61997
61997	61999	61997	61998
61998	62000	61998	61999
61999	62001	61999	62000
62000	62002	62000	62001