45000	45002	45000	45001
45001	45003	45001	45002
45002	45004	45002	45003
45003	45005	45003	45004
45004	45006	45004	45005
45005	45007	45005	45006
45006	45008	45006	45007
45007	45009	45007	45008
45008	45010	45008	45009
45009	45011	45009	45010
45010	45012	45010	45011
45011	45013	45011	45012
45012	45014	45012	45013
45013	45015	45013	45014
45014	45016	45014	45015
45015	45017	45015	45016
45016	45018	45016	45017
45017	45019	45017	45018
45018	45020	45018	45019
45019	45021	45019	45020
45020	45022	45020	45021
45021	45023	45021	45022
45022	45024	45022	45023
45023	45025	45023	45024
45024	45026	45024	45025
45025	45027	45025	45026
45026	45028	45026	45027
45027	45029	45027	45028
45028	45030	45028	45029
45029	45031	45029	45030
45030	45032	45030	45031
45031	45033	45031	45032
45032	45034	45032	45033
45033	45035	45033	45034
45034	45036	45034	45035
45035	45037	45035	45036
45036	45038	45036	45037
45037	45039	45037	45038
45038	45040	45038	45039
45039	45041	45039	45040
45040	45042	45040	45041
45041	45043	45041	45042
45042	45044	45042	45043
45043	45045	45043	45044
45044	45046	45044	45045
45045	45047	45045	45046
45046	45048	45046	45047
45047	45049	45047	45048
45048	45050	45048	45049
45049	45051	45049	45050
45050	45052	45050	45051
45051	45053	45051	45052
45052	45054	45052	45053
45053	45055	45053	45054
45054	45056	45054	45055
45055	45057	45055	45056
45056	45058	45056	45057
45057	45059	45057	45058
45058	45060	45058	45059
45059	45061	45059	45060
45060	45062	45060	45061
45061	45063	45061	45062
45062	45064	45062	45063
45063	45065	45063	45064
45064	45066	45064	45065
45065	45067	45065	45066
45066	45068	45066	45067
45067	45069	45067	45068
45068	45070	45068	45069
45069	45071	45069	45070
45070	45072	45070	45071
45071	45073	45071	45072
45072	45074	45072	45073
45073	45075	45073	45074
45074	45076	45074	45075
45075	45077	45075	45076
45076	45078	45076	45077
45077	45079	45077	45078
45078	45080	45078	45079
45079	45081	45079	45080
45080	45082	45080	45081
45081	45083	45081	45082
45082	45084	45082	45083
45083	45085	45083	45084
45084	45086	45084	45085
45085	45087	45085	45086
45086	45088	45086	45087
45087	45089	45087	45088
45088	45090	45088	45089
45089	45091	45089	45090
45090	45092	45090	45091
45091	45093	45091	45092
45092	45094	45092	45093
45093	45095	45093	45094
45094	45096	45094	45095
45095	45097	45095	45096
45096	45098	45096	45097
45097	45099	45097	45098
45098	45100	45098	45099
45099	45101	45099	45100
45100	45102	45100	45101
45101	45103	45101	45102
45102	45104	45102	45103
45103	45105	45103	45104
45104	45106	45104	45105
45105	45107	45105	45106
45106	45108	45106	45107
45107	45109	45107	45108
45108	45110	45108	45109
45109	45111	45109	45110
45110	45112	45110	45111
45111	45113	45111	45112
45112	45114	45112	45113
45113	45115	45113	45114
45114	45116	45114	45115
45115	45117	45115	45116
45116	45118	45116	45117
45117	45119	45117	45118
45118	45120	45118	45119
45119	45121	45119	45120
45120	45122	45120	45121
45121	45123	45121	45122
45122	45124	45122	45123
45123	45125	45123	45124
45124	45126	45124	45125
45125	45127	45125	45126
45126	45128	45126	45127
45127	45129	45127	45128
45128	45130	45128	45129
45129	45131	45129	45130
45130	45132	45130	45131
45131	45133	45131	45132
45132	45134	45132	45133
45133	45135	45133	45134
45134	45136	45134	45135
45135	45137	45135	45136
45136	45138	45136	45137
45137	45139	45137	45138
45138	45140	45138	45139
45139	45141	45139	45140
45140	45142	45140	45141
45141	45143	45141	45142
45142	45144	45142	45143
45143	45145	45143	45144
45144	45146	45144	45145
45145	45147	45145	45146
45146	45148	45146	45147
45147	45149	45147	45148
45148	45150	45148	45149
45149	45151	45149	45150
45150	45152	45150	45151
45151	45153	45151	45152
45152	45154	45152	45153
45153	45155	45153	45154
45154	45156	45154	45155
45155	45157	45155	45156
45156	45158	45156	45157
45157	45159	45157	45158
45158	45160	45158	45159
45159	45161	45159	45160
45160	45162	45160	45161
45161	45163	45161	45162
45162	45164	45162	45163
45163	45165	45163	45164
45164	45166	45164	45165
45165	45167	45165	45166
45166	45168	45166	45167
45167	45169	45167	45168
45168	45170	45168	45169
45169	45171	45169	45170
45170	45172	45170	45171
45171	45173	45171	45172
45172	45174	45172	45173
45173	45175	45173	45174
45174	45176	45174	45175
45175	45177	45175	45176
45176	45178	45176	45177
45177	45179	45177	45178
45178	45180	45178	45179
45179	45181	45179	45180
45180	45182	45180	45181
45181	45183	45181	45182
45182	45184	45182	45183
45183	45185	45183	45184
45184	45186	45184	45185
45185	45187	45185	45186
45186	45188	45186	45187
45187	45189	45187	45188
45188	45190	45188	45189
45189	45191	45189	45190
45190	45192	45190	45191
45191	45193	45191	45192
45192	45194	45192	45193
45193	45195	45193	45194
45194	45196	45194	45195
45195	45197	45195	45196
45196	45198	45196	45197
45197	45199	45197	45198
45198	45200	45198	45199
45199	45201	45199	45200
45200	45202	45200	45201
45201	45203	45201	45202
45202	45204	45202	45203
45203	45205	45203	45204
45204	45206	45204	45205
45205	45207	45205	45206
45206	45208	45206	45207
45207	45209	45207	45208
45208	45210	45208	45209
45209	45211	45209	45210
45210	45212	45210	45211
45211	45213	45211	45212
45212	45214	45212	45213
45213	45215	45213	45214
45214	45216	45214	45215
45215	45217	45215	45216
45216	45218	45216	45217
45217	45219	45217	45218
45218	45220	45218	45219
45219	45221	45219	45220
45220	45222	45220	45221
45221	45223	45221	45222
45222	45224	45222	45223
45223	45225	45223	45224
45224	45226	45224	45225
45225	45227	45225	45226
45226	45228	45226	45227
45227	45229	45227	45228
45228	45230	45228	45229
45229	45231	45229	45230
45230	45232	45230	45231
45231	45233	45231	45232
45232	45234	45232	45233
45233	45235	45233	45234
45234	45236	45234	45235
45235	45237	45235	45236
45236	45238	45236	45237
45237	45239	45237	45238
45238	45240	45238	45239
45239	45241	45239	45240
45240	45242	45240	45241
45241	45243	45241	45242
45242	45244	45242	45243
45243	45245	45243	45244
45244	45246	45244	45245
45245	45247	45245	45246
45246	45248	45246	45247
45247	45249	45247	45248
45248	45250	45248	45249
45249	45251	45249	45250
45250	45252	45250	45251
45251	45253	45251	45252
45252	45254	45252	45253
45253	45255	45253	45254
45254	45256	45254	45255
45255	45257	45255	45256
45256	45258	45256	45257
45257	45259	45257	45258
45258	45260	45258	45259
45259	45261	45259	45260
45260	45262	45260	45261
45261	45263	45261	45262
45262	45264	45262	45263
45263	45265	45263	45264
45264	45266	45264	45265
45265	45267	45265	45266
45266	45268	45266	45267
45267	45269	45267	45268
45268	45270	45268	45269
45269	45271	45269	45270
45270	45272	45270	45271
45271	45273	45271	45272
45272	45274	45272	45273
45273	45275	45273	45274
45274	45276	45274	45275
45275	45277	45275	45276
45276	45278	45276	45277
45277	45279	45277	45278
45278	45280	45278	45279
45279	45281	45279	45280
45280	45282	45280	45281
45281	45283	45281	45282
45282	45284	45282	45283
45283	45285	45283	45284
45284	45286	45284	45285
45285	45287	45285	45286
45286	45288	45286	45287
45287	45289	45287	45288
45288	45290	45288	45289
45289	45291	45289	45290
45290	45292	45290	45291
45291	45293	45291	45292
45292	45294	45292	45293
45293	45295	45293	45294
45294	45296	45294	45295
45295	45297	45295	45296
45296	45298	45296	45297
45297	45299	45297	45298
45298	45300	45298	45299
45299	45301	45299	45300
45300	45302	45300	45301
45301	45303	45301	45302
45302	45304	45302	45303
45303	45305	45303	45304
45304	45306	45304	45305
45305	45307	45305	45306
45306	45308	45306	45307
45307	45309	45307	45308
45308	45310	45308	45309
45309	45311	45309	45310
45310	45312	45310	45311
45311	45313	45311	45312
45312	45314	45312	45313
45313	45315	45313	45314
45314	45316	45314	45315
45315	45317	45315	45316
45316	45318	45316	45317
45317	45319	45317	45318
45318	45320	45318	45319
45319	45321	45319	45320
45320	45322	45320	45321
45321	45323	45321	45322
45322	45324	45322	45323
45323	45325	45323	45324
45324	45326	45324	45325
45325	45327	45325	45326
45326	45328	45326	45327
45327	45329	45327	45328
45328	45330	45328	45329
45329	45331	45329	45330
45330	45332	45330	45331
45331	45333	45331	45332
45332	45334	45332	45333
45333	45335	45333	45334
45334	45336	45334	45335
45335	45337	45335	45336
45336	45338	45336	45337
45337	45339	45337	45338
45338	45340	45338	45339
45339	45341	45339	45340
45340	45342	45340	45341
45341	45343	45341	45342
45342	45344	45342	45343
45343	45345	45343	45344
45344	45346	45344	45345
45345	45347	45345	45346
45346	45348	45346	45347
45347	45349	45347	45348
45348	45350	45348	45349
45349	45351	45349	45350
45350	45352	45350	45351
45351	45353	45351	45352
45352	45354	45352	45353
45353	45355	45353	45354
45354	45356	45354	45355
45355	45357	45355	45356
45356	45358	45356	45357
45357	45359	45357	45358
45358	45360	45358	45359
45359	45361	45359	45360
45360	45362	45360	45361
45361	45363	45361	45362
45362	45364	45362	45363
45363	45365	45363	45364
45364	45366	45364	45365
45365	45367	45365	45366
45366	45368	45366	45367
45367	45369	45367	45368
45368	45370	45368	45369
45369	45371	45369	45370
45370	45372	45370	45371
45371	45373	45371	45372
45372	45374	45372	45373
45373	45375	45373	45374
45374	45376	45374	45375
45375	45377	45375	45376
45376	45378	45376	45377
45377	45379	45377	45378
45378	45380	45378	45379
45379	45381	45379	45380
45380	45382	45380	45381
45381	45383	45381	45382
45382	45384	45382	45383
45383	45385	45383	45384
45384	45386	45384	45385
45385	45387	45385	45386
45386	45388	45386	45387
45387	45389	45387	45388
45388	45390	45388	45389
45389	45391	45389	45390
45390	45392	45390	45391
45391	45393	45391	45392
45392	45394	45392	45393
45393	45395	45393	45394
45394	45396	45394	45395
45395	45397	45395	45396
45396	45398	45396	45397
45397	45399	45397	45398
45398	45400	45398	45399
45399	45401	45399	45400
45400	45402	45400	45401
45401	45403	45401	45402
45402	45404	45402	45403
45403	45405	45403	45404
45404	45406	45404	45405
45405	45407	45405	45406
45406	45408	45406	45407
45407	45409	45407	45408
45408	45410	45408	45409
45409	45411	45409	45410
45410	45412	45410	45411
45411	45413	45411	45412
45412	45414	45412	45413
45413	45415	45413	45414
45414	45416	45414	45415
45415	45417	45415	45416
45416	45418	45416	45417
45417	45419	45417	45418
45418	45420	45418	45419
45419	45421	45419	45420
45420	45422	45420	45421
45421	45423	45421	45422
45422	45424	45422	45423
45423	45425	45423	45424
45424	45426	45424	45425
45425	45427	45425	45426
45426	45428	45426	45427
45427	45429	45427	45428
45428	45430	45428	45429
45429	45431	45429	45430
45430	45432	45430	45431
45431	45433	45431	45432
45432	45434	45432	45433
45433	45435	45433	45434
45434	45436	45434	45435
45435	45437	45435	45436
45436	45438	45436	45437
45437	45439	45437	45438
45438	45440	45438	45439
45439	45441	45439	45440
45440	45442	45440	45441
45441	45443	45441	45442
45442	45444	45442	45443
45443	45445	45443	45444
45444	45446	45444	45445
45445	45447	45445	45446
45446	45448	45446	45447
45447	45449	45447	45448
45448	45450	45448	45449
45449	45451	45449	45450
45450	45452	45450	45451
45451	45453	45451	45452
45452	45454	45452	45453
45453	45455	45453	45454
45454	45456	45454	45455
45455	45457	45455	45456
45456	45458	45456	45457
45457	45459	45457	45458
45458	45460	45458	45459
45459	45461	45459	45460
45460	45462	45460	45461
45461	45463	45461	45462
45462	45464	45462	45463
45463	45465	45463	45464
45464	45466	45464	45465
45465	45467	45465	45466
45466	45468	45466	45467
45467	45469	45467	45468
45468	45470	45468	45469
45469	45471	45469	45470
45470	45472	45470	45471
45471	45473	45471	45472
45472	45474	45472	45473
45473	45475	45473	45474
45474	45476	45474	45475
45475	45477	45475	45476
45476	45478	45476	45477
45477	45479	45477	45478
45478	45480	45478	45479
45479	45481	45479	45480
45480	45482	45480	45481
45481	45483	45481	45482
45482	45484	45482	45483
45483	45485	45483	45484
45484	45486	45484	45485
45485	45487	45485	45486
45486	45488	45486	45487
45487	45489	45487	45488
45488	45490	45488	45489
45489	45491	45489	45490
45490	45492	45490	45491
45491	45493	45491	45492
45492	45494	45492	45493
45493	45495	45493	45494
45494	45496	45494	45495
45495	45497	45495	45496
45496	45498	45496	45497
45497	45499	45497	45498
45498	45500	45498	45499
45499	45501	45499	45500
45500	45502	45500	45501
45501	45503	45501	45502
45502	45504	45502	45503
45503	45505	45503	45504
45504	45506	45504	45505
45505	45507	45505	45506
45506	45508	45506	45507
45507	45509	45507	45508
45508	45510	45508	45509
45509	45511	45509	45510
45510	45512	45510	45511
45511	45513	45511	45512
45512	45514	45512	45513
45513	45515	45513	45514
45514	45516	45514	45515
45515	45517	45515	45516
45516	45518	45516	45517
45517	45519	45517	45518
45518	45520	45518	45519
45519	45521	45519	45520
45520	45522	45520	45521
45521	45523	45521	45522
45522	45524	45522	45523
45523	45525	45523	45524
45524	45526	45524	45525
45525	45527	45525	45526
45526	45528	45526	45527
45527	45529	45527	45528
45528	45530	45528	45529
45529	45531	45529	45530
45530	45532	45530	45531
45531	45533	45531	45532
45532	45534	45532	45533
45533	45535	45533	45534
45534	45536	45534	45535
45535	45537	45535	45536
45536	45538	45536	45537
45537	45539	45537	45538
45538	45540	45538	45539
45539	45541	45539	45540
45540	45542	45540	45541
45541	45543	45541	45542
45542	45544	45542	45543
45543	45545	45543	45544
45544	45546	45544	45545
45545	45547	45545	45546
45546	45548	45546	45547
45547	45549	45547	45548
45548	45550	45548	45549
45549	45551	45549	45550
45550	45552	45550	45551
45551	45553	45551	45552
45552	45554	45552	45553
45553	45555	45553	45554
45554	45556	45554	45555
45555	45557	45555	45556
45556	45558	45556	45557
45557	45559	45557	45558
45558	45560	45558	45559
45559	45561	45559	45560
45560	45562	45560	45561
45561	45563	45561	45562
45562	45564	45562	45563
45563	45565	45563	45564
45564	45566	45564	45565
45565	45567	45565	45566
45566	45568	45566	45567
45567	45569	45567	45568
45568	45570	45568	45569
45569	45571	45569	45570
45570	45572	45570	45571
45571	45573	45571	45572
45572	45574	45572	45573
45573	45575	45573	45574
45574	45576	45574	45575
45575	45577	45575	45576
45576	45578	45576	45577
45577	45579	45577	45578
45578	45580	45578	45579
45579	45581	45579	45580
45580	45582	45580	45581
45581	45583	45581	45582
45582	45584	45582	45583
45583	45585	45583	45584
45584	45586	45584	45585
45585	45587	45585	45586
45586	45588	45586	45587
45587	45589	45587	45588
45588	45590	45588	45589
45589	45591	45589	45590
45590	45592	45590	45591
45591	45593	45591	45592
45592	45594	45592	45593
45593	45595	45593	45594
45594	45596	45594	45595
45595	45597	45595	45596
45596	45598	45596	45597
45597	45599	45597	45598
45598	45600	45598	45599
45599	45601	45599	45600
45600	45602	45600	45601
45601	45603	45601	45602
45602	45604	45602	45603
45603	45605	45603	45604
45604	45606	45604	45605
45605	45607	45605	45606
45606	45608	45606	45607
45607	45609	45607	45608
45608	45610	45608	45609
45609	45611	45609	45610
45610	45612	45610	45611
45611	45613	45611	45612
45612	45614	45612	45613
45613	45615	45613	45614
45614	45616	45614	45615
45615	45617	45615	45616
45616	45618	45616	45617
45617	45619	45617	45618
45618	45620	45618	45619
45619	45621	45619	45620
45620	45622	45620	45621
45621	45623	45621	45622
45622	45624	45622	45623
45623	45625	45623	45624
45624	45626	45624	45625
45625	45627	45625	45626
45626	45628	45626	45627
45627	45629	45627	45628
45628	45630	45628	45629
45629	45631	45629	45630
45630	45632	45630	45631
45631	45633	45631	45632
45632	45634	45632	45633
45633	45635	45633	45634
45634	45636	45634	45635
45635	45637	45635	45636
45636	45638	45636	45637
45637	45639	45637	45638
45638	45640	45638	45639
45639	45641	45639	45640
45640	45642	45640	45641
45641	45643	45641	45642
45642	45644	45642	45643
45643	45645	45643	45644
45644	45646	45644	45645
45645	45647	45645	45646
45646	45648	45646	45647
45647	45649	45647	45648
45648	45650	45648	45649
45649	45651	45649	45650
45650	45652	45650	45651
45651	45653	45651	45652
45652	45654	45652	45653
45653	45655	45653	45654
45654	45656	45654	45655
45655	45657	45655	45656
45656	45658	45656	45657
45657	45659	45657	45658
45658	45660	45658	45659
45659	45661	45659	45660
45660	45662	45660	45661
45661	45663	45661	45662
45662	45664	45662	45663
45663	45665	45663	45664
45664	45666	45664	45665
45665	45667	45665	45666
45666	45668	45666	45667
45667	45669	45667	45668
45668	45670	45668	45669
45669	45671	45669	45670
45670	45672	45670	45671
45671	45673	45671	45672
45672	45674	45672	45673
45673	45675	45673	45674
45674	45676	45674	45675
45675	45677	45675	45676
45676	45678	45676	45677
45677	45679	45677	45678
45678	45680	45678	45679
45679	45681	45679	45680
45680	45682	45680	45681
45681	45683	45681	45682
45682	45684	45682	45683
45683	45685	45683	45684
45684	45686	45684	45685
45685	45687	45685	45686
45686	45688	45686	45687
45687	45689	45687	45688
45688	45690	45688	45689
45689	45691	45689	45690
45690	45692	45690	45691
45691	45693	45691	45692
45692	45694	45692	45693
45693	45695	45693	45694
45694	45696	45694	45695
45695	45697	45695	45696
45696	45698	45696	45697
45697	45699	45697	45698
45698	45700	45698	45699
45699	45701	45699	45700
45700	45702	45700	45701
45701	45703	45701	45702
45702	45704	45702	45703
45703	45705	45703	45704
45704	45706	45704	45705
45705	45707	45705	45706
45706	45708	45706	45707
45707	45709	45707	45708
45708	45710	45708	45709
45709	45711	45709	45710
45710	45712	45710	45711
45711	45713	45711	45712
45712	45714	45712	45713
45713	45715	45713	45714
45714	45716	45714	45715
45715	45717	45715	45716
45716	45718	45716	45717
45717	45719	45717	45718
45718	45720	45718	45719
45719	45721	45719	45720
45720	45722	45720	45721
45721	45723	45721	45722
45722	45724	45722	45723
45723	45725	45723	45724
45724	45726	45724	45725
45725	45727	45725	45726
45726	45728	45726	45727
45727	45729	45727	45728
45728	45730	45728	45729
45729	45731	45729	45730
45730	45732	45730	45731
45731	45733	45731	45732
45732	45734	45732	45733
45733	45735	45733	45734
45734	45736	45734	45735
45735	45737	45735	45736
45736	45738	45736	45737
45737	45739	45737	45738
45738	45740	45738	45739
45739	45741	45739	45740
45740	45742	45740	45741
45741	45743	45741	45742
45742	45744	45742	45743
45743	45745	45743	45744
45744	45746	45744	45745
45745	45747	45745	45746
45746	45748	45746	45747
45747	45749	45747	45748
45748	45750	45748	45749
45749	45751	45749	45750
45750	45752	45750	45751
45751	45753	45751	45752
45752	45754	45752	45753
45753	45755	45753	45754
45754	45756	45754	45755
45755	45757	45755	45756
45756	45758	45756	45757
45757	45759	45757	45758
45758	45760	45758	45759
45759	45761	45759	45760
45760	45762	45760	45761
45761	45763	45761	45762
45762	45764	45762	45763
45763	45765	45763	45764
45764	45766	45764	45765
45765	45767	45765	45766
45766	45768	45766	45767
45767	45769	45767	45768
45768	45770	45768	45769
45769	45771	45769	45770
45770	45772	45770	45771
45771	45773	45771	45772
45772	45774	45772	45773
45773	45775	45773	45774
45774	45776	45774	45775
45775	45777	45775	45776
45776	45778	45776	45777
45777	45779	45777	45778
45778	45780	45778	45779
45779	45781	45779	45780
45780	45782	45780	45781
45781	45783	45781	45782
45782	45784	45782	45783
45783	45785	45783	45784
45784	45786	45784	45785
45785	45787	45785	45786
45786	45788	45786	45787
45787	45789	45787	45788
45788	45790	45788	45789
45789	45791	45789	45790
45790	45792	45790	45791
45791	45793	45791	45792
45792	45794	45792	45793
45793	45795	45793	45794
45794	45796	45794	45795
45795	45797	45795	45796
45796	45798	45796	45797
45797	45799	45797	45798
45798	45800	45798	45799
45799	45801	45799	45800
45800	45802	45800	45801
45801	45803	45801	45802
45802	45804	45802	45803
45803	45805	45803	45804
45804	45806	45804	45805
45805	45807	45805	45806
45806	45808	45806	45807
45807	45809	45807	45808
45808	45810	45808	45809
45809	45811	45809	45810
45810	45812	45810	45811
45811	45813	45811	45812
45812	45814	45812	45813
45813	45815	45813	45814
45814	45816	45814	45815
45815	45817	45815	45816
45816	45818	45816	45817
45817	45819	45817	45818
45818	45820	45818	45819
45819	45821	45819	45820
45820	45822	45820	45821
45821	45823	45821	45822
45822	45824	45822	45823
45823	45825	45823	45824
45824	45826	45824	45825
45825	45827	45825	45826
45826	45828	45826	45827
45827	45829	45827	45828
45828	45830	45828	45829
45829	45831	45829	45830
45830	45832	45830	45831
45831	45833	45831	45832
45832	45834	45832	45833
45833	45835	45833	45834
45834	45836	45834	45835
45835	45837	45835	45836
45836	45838	45836	45837
45837	45839	45837	45838
45838	45840	45838	45839
45839	45841	45839	45840
45840	45842	45840	45841
45841	45843	45841	45842
45842	45844	45842	45843
45843	45845	45843	45844
45844	45846	45844	45845
45845	45847	45845	45846
45846	45848	45846	45847
45847	45849	45847	45848
45848	45850	45848	45849
45849	45851	45849	45850
45850	45852	45850	45851
45851	45853	45851	45852
45852	45854	45852	45853
45853	45855	45853	45854
45854	45856	45854	45855
45855	45857	45855	45856
45856	45858	45856	45857
45857	45859	45857	45858
45858	45860	45858	45859
45859	45861	45859	45860
45860	45862	45860	45861
45861	45863	45861	45862
45862	45864	45862	45863
45863	45865	45863	45864
45864	45866	45864	45865
45865	45867	45865	45866
45866	45868	45866	45867
45867	45869	45867	45868
45868	45870	45868	45869
45869	45871	45869	45870
45870	45872	45870	45871
45871	45873	45871	45872
45872	45874	45872	45873
45873	45875	45873	45874
45874	45876	45874	45875
45875	45877	45875	45876
45876	45878	45876	45877
45877	45879	45877	45878
45878	45880	45878	45879
45879	45881	45879	45880
45880	45882	45880	45881
45881	45883	45881	45882
45882	45884	45882	45883
45883	45885	45883	45884
45884	45886	45884	45885
45885	45887	45885	45886
45886	45888	45886	45887
45887	45889	45887	45888
45888	45890	45888	45889
45889	45891	45889	45890
45890	45892	45890	45891
45891	45893	45891	45892
45892	45894	45892	45893
45893	45895	45893	45894
45894	45896	45894	45895
45895	45897	45895	45896
45896	45898	45896	45897
45897	45899	45897	45898
45898	45900	45898	45899
45899	45901	45899	45900
45900	45902	45900	45901
45901	45903	45901	45902
45902	45904	45902	45903
45903	45905	45903	45904
45904	45906	45904	45905
45905	45907	45905	45906
45906	45908	45906	45907
45907	45909	45907	45908
45908	45910	45908	45909
45909	45911	45909	45910
45910	45912	45910	45911
45911	45913	45911	45912
45912	45914	45912	45913
45913	45915	45913	45914
45914	45916	45914	45915
45915	45917	45915	45916
45916	45918	45916	45917
45917	45919	45917	45918
45918	45920	45918	45919
45919	45921	45919	45920
45920	45922	45920	45921
45921	45923	45921	45922
45922	45924	45922	45923
45923	45925	45923	45924
45924	45926	45924	45925
45925	45927	45925	45926
45926	45928	45926	45927
45927	45929	45927	45928
45928	45930	45928	45929
45929	45931	45929	45930
45930	45932	45930	45931
45931	45933	45931	45932
45932	45934	45932	45933
45933	45935	45933	45934
45934	45936	45934	45935
45935	45937	45935	45936
45936	45938	45936	45937
45937	45939	45937	45938
45938	45940	45938	45939
45939	45941	45939	45940
45940	45942	45940	45941
45941	45943	45941	45942
45942	45944	45942	45943
45943	45945	45943	45944
45944	45946	45944	45945
45945	45947	45945	45946
45946	45948	45946	45947
45947	45949	45947	45948
45948	45950	45948	45949
45949	45951	45949	45950
45950	45952	45950	45951
45951	45953	45951	45952
45952	45954	45952	45953
45953	45955	45953	45954
45954	45956	45954	45955
45955	45957	45955	45956
45956	45958	45956	45957
45957	45959	45957	45958
45958	45960	45958	45959
45959	45961	45959	45960
45960	45962	45960	45961
45961	45963	45961	45962
45962	45964	45962	45963
45963	45965	45963	45964
45964	45966	45964	45965
45965	45967	45965	45966
45966	45968	45966	45967
45967	45969	45967	45968
45968	45970	45968	45969
45969	45971	45969	45970
45970	45972	45970	45971
45971	45973	45971	45972
45972	45974	45972	45973
45973	45975	45973	45974
45974	45976	45974	45975
45975	45977	45975	45976
45976	45978	45976	45977
45977	45979	45977	45978
45978	45980	45978	45979
45979	45981	45979	45980
45980	45982	45980	45981
45981	45983	45981	45982
45982	45984	45982	45983
45983	45985	45983	45984
45984	45986	45984	45985
45985	45987	45985	45986
45986	45988	45986	45987
45987	45989	45987	45988
45988	45990	45988	45989
45989	45991	45989	45990
45990	45992	45990	45991
45991	45993	45991	45992
45992	45994	45992	45993
45993	45995	45993	45994
45994	45996	45994	45995
45995	45997	45995	45996
45996	45998	45996	45997
45997	45999	45997	45998
45998	46000	45998	45999
45999	46001	45999	46000
46000	46002	46000	46001
46001	46003	46001	46002
46002	46004	46002	46003
46003	46005	46003	46004
46004	46006	46004	46005
46005	46007	46005	46006
46006	46008	46006	46007
46007	46009	46007	46008
46008	46010	46008	46009
46009	46011	46009	46010
46010	46012	46010	46011
46011	46013	46011	46012
46012	46014	46012	46013
46013	46015	46013	46014
46014	46016	46014	46015
46015	46017	46015	46016
46016	46018	46016	46017
46017	46019	46017	46018
46018	46020	46018	46019
46019	46021	46019	46020
46020	46022	46020	46021
46021	46023	46021	46022
46022	46024	46022	46023
46023	46025	46023	46024
46024	46026	46024	46025
46025	46027	46025	46026
46026	46028	46026	46027
46027	46029	46027	46028
46028	46030	46028	46029
46029	46031	46029	46030
46030	46032	46030	46031
46031	46033	46031	46032
46032	46034	46032	46033
46033	46035	46033	46034
46034	46036	46034	46035
46035	46037	46035	46036
46036	46038	46036	46037
46037	46039	46037	46038
46038	46040	46038	46039
46039	46041	46039	46040
46040	46042	46040	46041
46041	46043	46041	46042
46042	46044	46042	46043
46043	46045	46043	46044
46044	46046	46044	46045
46045	46047	46045	46046
46046	46048	46046	46047
46047	46049	46047	46048
46048	46050	46048	46049
46049	46051	46049	46050
46050	46052	46050	46051
46051	46053	46051	46052
46052	46054	46052	46053
46053	46055	46053	46054
46054	46056	46054	46055
46055	46057	46055	46056
46056	46058	46056	46057
46057	46059	46057	46058
46058	46060	46058	46059
46059	46061	46059	46060
46060	46062	46060	46061
46061	46063	46061	46062
46062	46064	46062	46063
46063	46065	46063	46064
46064	46066	46064	46065
46065	46067	46065	46066
46066	46068	46066	46067
46067	46069	46067	46068
46068	46070	46068	46069
46069	46071	46069	46070
46070	46072	46070	46071
46071	46073	46071	46072
46072	46074	46072	46073
46073	46075	46073	46074
46074	46076	46074	46075
46075	46077	46075	46076
46076	46078	46076	46077
46077	46079	46077	46078
46078	46080	46078	46079
46079	46081	46079	46080
46080	46082	46080	46081
46081	46083	46081	46082
46082	46084	46082	46083
46083	46085	46083	46084
46084	46086	46084	46085
46085	46087	46085	46086
46086	46088	46086	46087
46087	46089	46087	46088
46088	46090	46088	46089
46089	46091	46089	46090
46090	46092	46090	46091
46091	46093	46091	46092
46092	46094	46092	46093
46093	46095	46093	46094
46094	46096	46094	46095
46095	46097	46095	46096
46096	46098	46096	46097
46097	46099	46097	46098
46098	46100	46098	46099
46099	46101	46099	46100
46100	46102	46100	46101
46101	46103	46101	46102
46102	46104	46102	46103
46103	46105	46103	46104
46104	46106	46104	46105
46105	46107	46105	46106
46106	46108	46106	46107
46107	46109	46107	46108
46108	46110	46108	46109
46109	46111	46109	46110
46110	46112	46110	46111
46111	46113	46111	46112
46112	46114	46112	46113
46113	46115	46113	46114
46114	46116	46114	46115
46115	46117	46115	46116
46116	46118	46116	46117
46117	46119	46117	46118
46118	46120	46118	46119
46119	46121	46119	46120
46120	46122	46120	46121
46121	46123	46121	46122
46122	46124	46122	46123
46123	46125	46123	46124
46124	46126	46124	46125
46125	46127	46125	46126
46126	46128	46126	46127
46127	46129	46127	46128
46128	46130	46128	46129
46129	46131	46129	46130
46130	46132	46130	46131
46131	46133	46131	46132
46132	46134	46132	46133
46133	46135	46133	46134
46134	46136	46134	46135
46135	46137	46135	46136
46136	46138	46136	46137
46137	46139	46137	46138
46138	46140	46138	46139
46139	46141	46139	46140
46140	46142	46140	46141
46141	46143	46141	46142
46142	46144	46142	46143
46143	46145	46143	46144
46144	46146	46144	46145
46145	46147	46145	46146
46146	46148	46146	46147
46147	46149	46147	46148
46148	46150	46148	46149
46149	46151	46149	46150
46150	46152	46150	46151
46151	46153	46151	46152
46152	46154	46152	46153
46153	46155	46153	46154
46154	46156	46154	46155
46155	46157	46155	46156
46156	46158	46156	46157
46157	46159	46157	46158
46158	46160	46158	46159
46159	46161	46159	46160
46160	46162	46160	46161
46161	46163	46161	46162
46162	46164	46162	46163
46163	46165	46163	46164
46164	46166	46164	46165
46165	46167	46165	46166
46166	46168	46166	46167
46167	46169	46167	46168
46168	46170	46168	46169
46169	46171	46169	46170
46170	46172	46170	46171
46171	46173	46171	46172
46172	46174	46172	46173
46173	46175	46173	46174
46174	46176	46174	46175
46175	46177	46175	46176
46176	46178	46176	46177
46177	46179	46177	46178
46178	46180	46178	46179
46179	46181	46179	46180
46180	46182	46180	46181
46181	46183	46181	46182
46182	46184	46182	46183
46183	46185	46183	46184
46184	46186	46184	46185
46185	46187	46185	46186
46186	46188	46186	46187
46187	46189	46187	46188
46188	46190	46188	46189
46189	46191	46189	46190
46190	46192	46190	46191
46191	46193	46191	46192
46192	46194	46192	46193
46193	46195	46193	46194
46194	46196	46194	46195
46195	46197	46195	46196
46196	46198	46196	46197
46197	46199	46197	46198
46198	46200	46198	46199
46199	46201	46199	46200
46200	46202	46200	46201
46201	46203	46201	46202
46202	46204	46202	46203
46203	46205	46203	46204
46204	46206	46204	46205
46205	46207	46205	46206
46206	46208	46206	46207
46207	46209	46207	46208
46208	46210	46208	46209
46209	46211	46209	46210
46210	46212	46210	46211
46211	46213	46211	46212
46212	46214	46212	46213
46213	46215	46213	46214
46214	46216	46214	46215
46215	46217	46215	46216
46216	46218	46216	46217
46217	46219	46217	46218
46218	46220	46218	46219
46219	46221	46219	46220
46220	46222	46220	46221
46221	46223	46221	46222
46222	46224	46222	46223
46223	46225	46223	46224
46224	46226	46224	46225
46225	46227	46225	46226
46226	46228	46226	46227
46227	46229	46227	46228
46228	46230	46228	46229
46229	46231	46229	46230
46230	46232	46230	46231
46231	46233	46231	46232
46232	46234	46232	46233
46233	46235	46233	46234
46234	46236	46234	46235
46235	46237	46235	46236
46236	46238	46236	46237
46237	46239	46237	46238
46238	46240	46238	46239
46239	46241	46239	46240
46240	46242	46240	46241
46241	46243	46241	46242
46242	46244	46242	46243
46243	46245	46243	46244
46244	46246	46244	46245
46245	46247	46245	46246
46246	46248	46246	46247
46247	46249	46247	46248
46248	46250	46248	46249
46249	46251	46249	46250
46250	46252	46250	46251
46251	46253	46251	46252
46252	46254	46252	46253
46253	46255	46253	46254
46254	46256	46254	46255
46255	46257	46255	46256
46256	46258	46256	46257
46257	46259	46257	46258
46258	46260	46258	46259
46259	46261	46259	46260
46260	46262	46260	46261
46261	46263	46261	46262
46262	46264	46262	46263
46263	46265	46263	46264
46264	46266	46264	46265
46265	46267	46265	46266
46266	46268	46266	46267
46267	46269	46267	46268
46268	46270	46268	46269
46269	46271	46269	46270
46270	46272	46270	46271
46271	46273	46271	46272
46272	46274	46272	46273
46273	46275	46273	46274
46274	46276	46274	46275
46275	46277	46275	46276
46276	46278	46276	46277
46277	46279	46277	46278
46278	46280	46278	46279
46279	46281	46279	46280
46280	46282	46280	46281
46281	46283	46281	46282
46282	46284	46282	46283
46283	46285	46283	46284
46284	46286	46284	46285
46285	46287	46285	46286
46286	46288	46286	46287
46287	46289	46287	46288
46288	46290	46288	46289
46289	46291	46289	46290
46290	46292	46290	46291
46291	46293	46291	46292
46292	46294	46292	46293
46293	46295	46293	46294
46294	46296	46294	46295
46295	46297	46295	46296
46296	46298	46296	46297
46297	46299	46297	46298
46298	46300	46298	46299
46299	46301	46299	46300
46300	46302	46300	46301
46301	46303	46301	46302
46302	46304	46302	46303
46303	46305	46303	46304
46304	46306	46304	46305
46305	46307	46305	46306
46306	46308	46306	46307
46307	46309	46307	46308
46308	46310	46308	46309
46309	46311	46309	46310
46310	46312	46310	46311
46311	46313	46311	46312
46312	46314	46312	46313
46313	46315	46313	46314
46314	46316	46314	46315
46315	46317	46315	46316
46316	46318	46316	46317
46317	46319	46317	46318
46318	46320	46318	46319
46319	46321	46319	46320
46320	46322	46320	46321
46321	46323	46321	46322
46322	46324	46322	46323
46323	46325	46323	46324
46324	46326	46324	46325
46325	46327	46325	46326
46326	46328	46326	46327
46327	46329	46327	46328
46328	46330	46328	46329
46329	46331	46329	46330
46330	46332	46330	46331
46331	46333	46331	46332
46332	46334	46332	46333
46333	46335	46333	46334
46334	46336	46334	46335
46335	46337	46335	46336
46336	46338	46336	46337
46337	46339	46337	46338
46338	46340	46338	46339
46339	46341	46339	46340
46340	46342	46340	46341
46341	46343	46341	46342
46342	46344	46342	46343
46343	46345	46343	46344
46344	46346	46344	46345
46345	46347	46345	46346
46346	46348	46346	46347
46347	46349	46347	46348
46348	46350	46348	46349
46349	46351	46349	46350
46350	46352	46350	46351
46351	46353	46351	46352
46352	46354	46352	46353
46353	46355	46353	46354
46354	46356	46354	46355
46355	46357	46355	46356
46356	46358	46356	46357
46357	46359	46357	46358
46358	46360	46358	46359
46359	46361	46359	46360
46360	46362	46360	46361
46361	46363	46361	46362
46362	46364	46362	46363
46363	46365	46363	46364
46364	46366	46364	46365
46365	46367	46365	46366
46366	46368	46366	46367
46367	46369	46367	46368
46368	46370	46368	46369
46369	46371	46369	46370
46370	46372	46370	46371
46371	46373	46371	46372
46372	46374	46372	46373
46373	46375	46373	46374
46374	46376	46374	46375
46375	46377	46375	46376
46376	46378	46376	46377
46377	46379	46377	46378
46378	46380	46378	46379
46379	46381	46379	46380
46380	46382	46380	46381
46381	46383	46381	46382
46382	46384	46382	46383
46383	46385	46383	46384
46384	46386	46384	46385
46385	46387	46385	46386
46386	46388	46386	46387
46387	46389	46387	46388
46388	46390	46388	46389
46389	46391	46389	46390
46390	46392	46390	46391
46391	46393	46391	46392
46392	46394	46392	46393
46393	46395	46393	46394
46394	46396	46394	46395
46395	46397	46395	46396
46396	46398	46396	46397
46397	46399	46397	46398
46398	46400	46398	46399
46399	46401	46399	46400
46400	46402	46400	46401
46401	46403	46401	46402
46402	46404	46402	46403
46403	46405	46403	46404
46404	46406	46404	46405
46405	46407	46405	46406
46406	46408	46406	46407
46407	46409	46407	46408
46408	46410	46408	46409
46409	46411	46409	46410
46410	46412	46410	46411
46411	46413	46411	46412
46412	46414	46412	46413
46413	46415	46413	46414
46414	46416	46414	46415
46415	46417	46415	46416
46416	46418	46416	46417
46417	46419	46417	46418
46418	46420	46418	46419
46419	46421	46419	46420
46420	46422	46420	46421
46421	46423	46421	46422
46422	46424	46422	46423
46423	46425	46423	46424
46424	46426	46424	46425
46425	46427	46425	46426
46426	46428	46426	46427
46427	46429	46427	46428
46428	46430	46428	46429
46429	46431	46429	46430
46430	46432	46430	46431
46431	46433	46431	46432
46432	46434	46432	46433
46433	46435	46433	46434
46434	46436	46434	46435
46435	46437	46435	46436
46436	46438	46436	46437
46437	46439	46437	46438
46438	46440	46438	46439
46439	46441	46439	46440
46440	46442	46440	46441
46441	46443	46441	46442
46442	46444	46442	46443
46443	46445	46443	46444
46444	46446	46444	46445
46445	46447	46445	46446
46446	46448	46446	46447
46447	46449	46447	46448
46448	46450	46448	46449
46449	46451	46449	46450
46450	46452	46450	46451
46451	46453	46451	46452
46452	46454	46452	46453
46453	46455	46453	46454
46454	46456	46454	46455
46455	46457	46455	46456
46456	46458	46456	46457
46457	46459	46457	46458
46458	46460	46458	46459
46459	46461	46459	46460
46460	46462	46460	46461
46461	46463	46461	46462
46462	46464	46462	46463
46463	46465	46463	46464
46464	46466	46464	46465
46465	46467	46465	46466
46466	46468	46466	46467
46467	46469	46467	46468
46468	46470	46468	46469
46469	46471	46469	46470
46470	46472	46470	46471
46471	46473	46471	46472
46472	46474	46472	46473
46473	46475	46473	46474
46474	46476	46474	46475
46475	46477	46475	46476
46476	46478	46476	46477
46477	46479	46477	46478
46478	46480	46478	46479
46479	46481	46479	46480
46480	46482	46480	46481
46481	46483	46481	46482
46482	46484	46482	46483
46483	46485	46483	46484
46484	46486	46484	46485
46485	46487	46485	46486
46486	46488	46486	46487
46487	46489	46487	46488
46488	46490	46488	46489
46489	46491	46489	46490
46490	46492	46490	46491
46491	46493	46491	46492
46492	46494	46492	46493
46493	46495	46493	46494
46494	46496	46494	46495
46495	46497	46495	46496
46496	46498	46496	46497
46497	46499	46497	46498
46498	46500	46498	46499
46499	46501	46499	46500
46500	46502	46500	46501
46501	46503	46501	46502
46502	46504	46502	46503
46503	46505	46503	46504
46504	46506	46504	46505
46505	46507	46505	46506
46506	46508	46506	46507
46507	46509	46507	46508
46508	46510	46508	46509
46509	46511	46509	46510
46510	46512	46510	46511
46511	46513	46511	46512
46512	46514	46512	46513
46513	46515	46513	46514
46514	46516	46514	46515
46515	46517	46515	46516
46516	46518	46516	46517
46517	46519	46517	46518
46518	46520	46518	46519
46519	46521	46519	46520
46520	46522	46520	46521
46521	46523	46521	46522
46522	46524	46522	46523
46523	46525	46523	46524
46524	46526	46524	46525
46525	46527	46525	46526
46526	46528	46526	46527
46527	46529	46527	46528
46528	46530	46528	46529
46529	46531	46529	46530
46530	46532	46530	46531
46531	46533	46531	46532
46532	46534	46532	46533
46533	46535	46533	46534
46534	46536	46534	46535
46535	46537	46535	46536
46536	46538	46536	46537
46537	46539	46537	46538
46538	46540	46538	46539
46539	46541	46539	46540
46540	46542	46540	46541
46541	46543	46541	46542
46542	46544	46542	46543
46543	46545	46543	46544
46544	46546	46544	46545
46545	46547	46545	46546
46546	46548	46546	46547
46547	46549	46547	46548
46548	46550	46548	46549
46549	46551	46549	46550
46550	46552	46550	46551
46551	46553	46551	46552
46552	46554	46552	46553
46553	46555	46553	46554
46554	46556	46554	46555
46555	46557	46555	46556
46556	46558	46556	46557
46557	46559	46557	46558
46558	46560	46558	46559
46559	46561	46559	46560
46560	46562	46560	46561
46561	46563	46561	46562
46562	46564	46562	46563
46563	46565	46563	46564
46564	46566	46564	46565
46565	46567	46565	46566
46566	46568	46566	46567
46567	46569	46567	46568
46568	46570	46568	46569
46569	46571	46569	46570
46570	46572	46570	46571
46571	46573	46571	46572
46572	46574	46572	46573
46573	46575	46573	46574
46574	46576	46574	46575
46575	46577	46575	46576
46576	46578	46576	46577
46577	46579	46577	46578
46578	46580	46578	46579
46579	46581	46579	46580
46580	46582	46580	46581
46581	46583	46581	46582
46582	46584	46582	46583
46583	46585	46583	46584
46584	46586	46584	46585
46585	46587	46585	46586
46586	46588	46586	46587
46587	46589	46587	46588
46588	46590	46588	46589
46589	46591	46589	46590
46590	46592	46590	46591
46591	46593	46591	46592
46592	46594	46592	46593
46593	46595	46593	46594
46594	46596	46594	46595
46595	46597	46595	46596
46596	46598	46596	46597
46597	46599	46597	46598
46598	46600	46598	46599
46599	46601	46599	46600
46600	46602	46600	46601
46601	46603	46601	46602
46602	46604	46602	46603
46603	46605	46603	46604
46604	46606	46604	46605
46605	46607	46605	46606
46606	46608	46606	46607
46607	46609	46607	46608
46608	46610	46608	46609
46609	46611	46609	46610
46610	46612	46610	46611
46611	46613	46611	46612
46612	46614	46612	46613
46613	46615	46613	46614
46614	46616	46614	46615
46615	46617	46615	46616
46616	46618	46616	46617
46617	46619	46617	46618
46618	46620	46618	46619
46619	46621	46619	46620
46620	46622	46620	46621
46621	46623	46621	46622
46622	46624	46622	46623
46623	46625	46623	46624
46624	46626	46624	46625
46625	46627	46625	46626
46626	46628	46626	46627
46627	46629	46627	46628
46628	46630	46628	46629
46629	46631	46629	46630
46630	46632	46630	46631
46631	46633	46631	46632
46632	46634	46632	46633
46633	46635	46633	46634
46634	46636	46634	46635
46635	46637	46635	46636
46636	46638	46636	46637
46637	46639	46637	46638
46638	46640	46638	46639
46639	46641	46639	46640
46640	46642	46640	46641
46641	46643	46641	46642
46642	46644	46642	46643
46643	46645	46643	46644
46644	46646	46644	46645
46645	46647	46645	46646
46646	46648	46646	46647
46647	46649	46647	46648
46648	46650	46648	46649
46649	46651	46649	46650
46650	46652	46650	46651
46651	46653	46651	46652
46652	46654	46652	46653
46653	46655	46653	46654
46654	46656	46654	46655
46655	46657	46655	46656
46656	46658	46656	46657
46657	46659	46657	46658
46658	46660	46658	46659
46659	46661	46659	46660
46660	46662	46660	46661
46661	46663	46661	46662
46662	46664	46662	46663
46663	46665	46663	46664
46664	46666	46664	46665
46665	46667	46665	46666
46666	46668	46666	46667
46667	46669	46667	46668
46668	46670	46668	46669
46669	46671	46669	46670
46670	46672	46670	46671
46671	46673	46671	46672
46672	46674	46672	46673
46673	46675	46673	46674
46674	46676	46674	46675
46675	46677	46675	46676
46676	46678	46676	46677
46677	46679	46677	46678
46678	46680	46678	46679
46679	46681	46679	46680
46680	46682	46680	46681
46681	46683	46681	46682
46682	46684	46682	46683
46683	46685	46683	46684
46684	46686	46684	46685
46685	46687	46685	46686
46686	46688	46686	46687
46687	46689	46687	46688
46688	46690	46688	46689
46689	46691	46689	46690
46690	46692	46690	46691
46691	46693	46691	46692
46692	46694	46692	46693
46693	46695	46693	46694
46694	46696	46694	46695
46695	46697	46695	46696
46696	46698	46696	46697
46697	46699	46697	46698
46698	46700	46698	46699
46699	46701	46699	46700
46700	46702	46700	46701
46701	46703	46701	46702
46702	46704	46702	46703
46703	46705	46703	46704
46704	46706	46704	46705
46705	46707	46705	46706
46706	46708	46706	46707
46707	46709	46707	46708
46708	46710	46708	46709
46709	46711	46709	46710
46710	46712	46710	46711
46711	46713	46711	46712
46712	46714	46712	46713
46713	46715	46713	46714
46714	46716	46714	46715
46715	46717	46715	46716
46716	46718	46716	46717
46717	46719	46717	46718
46718	46720	46718	46719
46719	46721	46719	46720
46720	46722	46720	46721
46721	46723	46721	46722
46722	46724	46722	46723
46723	46725	46723	46724
46724	46726	46724	46725
46725	46727	46725	46726
46726	46728	46726	46727
46727	46729	46727	46728
46728	46730	46728	46729
46729	46731	46729	46730
46730	46732	46730	46731
46731	46733	46731	46732
46732	46734	46732	46733
46733	46735	46733	46734
46734	46736	46734	46735
46735	46737	46735	46736
46736	46738	46736	46737
46737	46739	46737	46738
46738	46740	46738	46739
46739	46741	46739	46740
46740	46742	46740	46741
46741	46743	46741	46742
46742	46744	46742	46743
46743	46745	46743	46744
46744	46746	46744	46745
46745	46747	46745	46746
46746	46748	46746	46747
46747	46749	46747	46748
46748	46750	46748	46749
46749	46751	46749	46750
46750	46752	46750	46751
46751	46753	46751	46752
46752	46754	46752	46753
46753	46755	46753	46754
46754	46756	46754	46755
46755	46757	46755	46756
46756	46758	46756	46757
46757	46759	46757	46758
46758	46760	46758	46759
46759	46761	46759	46760
46760	46762	46760	46761
46761	46763	46761	46762
46762	46764	46762	46763
46763	46765	46763	46764
46764	46766	46764	46765
46765	46767	46765	46766
46766	46768	46766	46767
46767	46769	46767	46768
46768	46770	46768	46769
46769	46771	46769	46770
46770	46772	46770	46771
46771	46773	46771	46772
46772	46774	46772	46773
46773	46775	46773	46774
46774	46776	46774	46775
46775	46777	46775	46776
46776	46778	46776	46777
46777	46779	46777	46778
46778	46780	46778	46779
46779	46781	46779	46780
46780	46782	46780	46781
46781	46783	46781	46782
46782	46784	46782	46783
46783	46785	46783	46784
46784	46786	46784	46785
46785	46787	46785	46786
46786	46788	46786	46787
46787	46789	46787	46788
46788	46790	46788	46789
46789	46791	46789	46790
46790	46792	46790	46791
46791	46793	46791	46792
46792	46794	46792	46793
46793	46795	46793	46794
46794	46796	46794	46795
46795	46797	46795	46796
46796	46798	46796	46797
46797	46799	46797	46798
46798	46800	46798	46799
46799	46801	46799	46800
46800	46802	46800	46801
46801	46803	46801	46802
46802	46804	46802	46803
46803	46805	46803	46804
46804	46806	46804	46805
46805	46807	46805	46806
46806	46808	46806	46807
46807	46809	46807	46808
46808	46810	46808	46809
46809	46811	46809	46810
46810	46812	46810	46811
46811	46813	46811	46812
46812	46814	46812	46813
46813	46815	46813	46814
46814	46816	46814	46815
46815	46817	46815	46816
46816	46818	46816	46817
46817	46819	46817	46818
46818	46820	46818	46819
46819	46821	46819	46820
46820	46822	46820	46821
46821	46823	46821	46822
46822	46824	46822	46823
46823	46825	46823	46824
46824	46826	46824	46825
46825	46827	46825	46826
46826	46828	46826	46827
46827	46829	46827	46828
46828	46830	46828	46829
46829	46831	46829	46830
46830	46832	46830	46831
46831	46833	46831	46832
46832	46834	46832	46833
46833	46835	46833	46834
46834	46836	46834	46835
46835	46837	46835	46836
46836	46838	46836	46837
46837	46839	46837	46838
46838	46840	46838	46839
46839	46841	46839	46840
46840	46842	46840	46841
46841	46843	46841	46842
46842	46844	46842	46843
46843	46845	46843	46844
46844	46846	46844	46845
46845	46847	46845	46846
46846	46848	46846	46847
46847	46849	46847	46848
46848	46850	46848	46849
46849	46851	46849	46850
46850	46852	46850	46851
46851	46853	46851	46852
46852	46854	46852	46853
46853	46855	46853	46854
46854	46856	46854	46855
46855	46857	46855	46856
46856	46858	46856	46857
46857	46859	46857	46858
46858	46860	46858	46859
46859	46861	46859	46860
46860	46862	46860	46861
46861	46863	46861	46862
46862	46864	46862	46863
46863	46865	46863	46864
46864	46866	46864	46865
46865	46867	46865	46866
46866	46868	46866	46867
46867	46869	46867	46868
46868	46870	46868	46869
46869	46871	46869	46870
46870	46872	46870	46871
46871	46873	46871	46872
46872	46874	46872	46873
46873	46875	46873	46874
46874	46876	46874	46875
46875	46877	46875	46876
46876	46878	46876	46877
46877	46879	46877	46878
46878	46880	46878	46879
46879	46881	46879	46880
46880	46882	46880	46881
46881	46883	46881	46882
46882	46884	46882	46883
46883	46885	46883	46884
46884	46886	46884	46885
46885	46887	46885	46886
46886	46888	46886	46887
46887	46889	46887	46888
46888	46890	46888	46889
46889	46891	46889	46890
46890	46892	46890	46891
46891	46893	46891	46892
46892	46894	46892	46893
46893	46895	46893	46894
46894	46896	46894	46895
46895	46897	46895	46896
46896	46898	46896	46897
46897	46899	46897	46898
46898	46900	46898	46899
46899	46901	46899	46900
46900	46902	46900	46901
46901	46903	46901	46902
46902	46904	46902	46903
46903	46905	46903	46904
46904	46906	46904	46905
46905	46907	46905	46906
46906	46908	46906	46907
46907	46909	46907	46908
46908	46910	46908	46909
46909	46911	46909	46910
46910	46912	46910	46911
46911	46913	46911	46912
46912	46914	46912	46913
46913	46915	46913	46914
46914	46916	46914	46915
46915	46917	46915	46916
46916	46918	46916	46917
46917	46919	46917	46918
46918	46920	46918	46919
46919	46921	46919	46920
46920	46922	46920	46921
46921	46923	46921	46922
46922	46924	46922	46923
46923	46925	46923	46924
46924	46926	46924	46925
46925	46927	46925	46926
46926	46928	46926	46927
46927	46929	46927	46928
46928	46930	46928	46929
46929	46931	46929	46930
46930	46932	46930	46931
46931	46933	46931	46932
46932	46934	46932	46933
46933	46935	46933	46934
46934	46936	46934	46935
46935	46937	46935	46936
46936	46938	46936	46937
46937	46939	46937	46938
46938	46940	46938	46939
46939	46941	46939	46940
46940	46942	46940	46941
46941	46943	46941	46942
46942	46944	46942	46943
46943	46945	46943	46944
46944	46946	46944	46945
46945	46947	46945	46946
46946	46948	46946	46947
46947	46949	46947	46948
46948	46950	46948	46949
46949	46951	46949	46950
46950	46952	46950	46951
46951	46953	46951	46952
46952	46954	46952	46953
46953	46955	46953	46954
46954	46956	46954	46955
46955	46957	46955	46956
46956	46958	46956	46957
46957	46959	46957	46958
46958	46960	46958	46959
46959	46961	46959	46960
46960	46962	46960	46961
46961	46963	46961	46962
46962	46964	46962	46963
46963	46965	46963	46964
46964	46966	46964	46965
46965	46967	46965	46966
46966	46968	46966	46967
46967	46969	46967	46968
46968	46970	46968	46969
46969	46971	46969	46970
46970	46972	46970	46971
46971	46973	46971	46972
46972	46974	46972	46973
46973	46975	46973	46974
46974	46976	46974	46975
46975	46977	46975	46976
46976	46978	46976	46977
46977	46979	46977	46978
46978	46980	46978	46979
46979	46981	46979	46980
46980	46982	46980	46981
46981	46983	46981	46982
46982	46984	46982	46983
46983	46985	46983	46984
46984	46986	46984	46985
46985	46987	46985	46986
46986	46988	46986	46987
46987	46989	46987	46988
46988	46990	46988	46989
46989	46991	46989	46990
46990	46992	46990	46991
46991	46993	46991	46992
46992	46994	46992	46993
46993	46995	46993	46994
46994	46996	46994	46995
46995	46997	46995	46996
46996	46998	46996	46997
46997	46999	46997	46998
46998	47000	46998	46999
46999	47001	46999	47000
47000	47002	47000	47001